26||||||||||||||||||||||-1|-1|2|-1||-1||1000255172712|-1|-1|2|-1||-1|-1|2020-12-21|2020-12-21|||-1||-1|||||||||2|-1|||-1|-1|-1||-1|-1|-1||31|-1|-1|-1|-1||||-1|-1||-1|-1|20|2020-12-16||2020-12-16|||7|2401||||99999999||-1|66|-1|||||||-1|||||||||69|||||||2020-12-21|A|2020-09-15
29||||||||||||||||||||||-1|-1|2|-1||-1||1000255169612|-1|-1|2|-1||-1|-1|2020-12-21|2020-12-21|||-1||-1|||||||||2|-1|||-1|-1|-1||-1|-1|-1||31|-1|-1|-1|-1||||-1|-1||-1|-1|24|2020-12-15|2020-12-16|2020-12-15|||1|2401||||99999999||62|66|-1|||||||-1|||||||||69|||||||2020-12-21|A|2020-09-15
65||||||||||||||||||||||-1|-1|2|-1||-1||1000255171312|-1|-1|2|-1||-1|-1|2020-12-21|2020-12-21|||-1||-1|||||||||2|-1|||-1|-1|-1||-1|-1|-1||31|-1|-1|-1|-1||||-1|-1||-1|-1|20|2020-12-16||2020-12-16|||7|2401||||99999999||-1|66|-1|||||||-1|||||||||69|||||||2020-12-21|A|2020-09-15
19||Test|Hello|||||||||||||||||||-1|-1|2|-1||-1||1000255173512|-1|-1|2|-1||-1|-1|2020-12-21|2020-12-21|||-1||-1|||||||||2|-1|||-1|-1|-1||-1|-1|-1||31|-1|-1|-1|-1||||-1|-1||-1|-1|20|2020-12-17||2020-12-17|||256|917||||189082394|3|-1|68|-1|||||||-1|||||||||69|||||||2020-12-21|A|2020-09-15
54||||||||||||||||||||||-1|-1|2|-1||-1||1000255172512|-1|-1|2|-1||-1|-1|2020-12-21|2020-12-21|||-1||-1|||||||||2|-1|||-1|-1|-1||-1|-1|-1||31|-1|-1|-1|-1||||-1|-1||-1|-1|20|2020-12-16||2020-12-16|||7|2401||||99999999||-1|66|-1|||||||-1|||||||||69|||||||2020-12-21|A|2020-09-15
22||Mica|TestOne|1111 Express Dr||COlumbus|Oh|43230||||||||||||||-1|-1|2|-1||-1||1000255175612|-1|-1|2|-1||-1|-1|2020-12-21|2020-12-21|||-1||-1|||||||||2|-1|||-1|-1|-1||-1|-1|-1||31|-1|-1|-1|-1||||-1|-1||-1|-1|20|2020-12-18||2020-12-18|||256|917||||88888888|3|-1|68|-1|||||||-1|||||||||69|||||||2020-12-21|A|2020-09-15
77||||||||||||||||||||||-1|-1|2|-1||-1||1000255176312|-1|-1|2|-1||-1|-1|2020-12-21|2020-12-21|||-1||-1|||||||||2|-1|||-1|-1|-1||-1|-1|-1||31|-1|-1|-1|-1||||-1|-1||-1|-1|20|2020-12-18||2020-12-18|||1|2401||||99999999||-1|66|-1|||||||-1|||||||||69|||||||2020-12-21|A|2020-09-15
34||QATEST|REGRESSION|123 MAIN STREET||PLANO|TX|75024||||||||||||US||-1|-1|2|-1||-1||1000255174512|3|-1|2|-1|2020-12-17|-1|-1|2020-12-21|2020-12-21|||-1||-1|||||||||2|-1|||-1|-1|-1||-1|-1|-1|0|31|-1|-1|-1|-1||||-1|-1||-1|-1|20|2020-12-17||2020-12-17|||257|2401||||99999999||-1|66|-1|2020-12-17||123456789||257||2|||||||||70|||||||2020-12-21|A|2020-09-15
50||asdfu|adih|1 express dr||columbus|oh|43085||||||||||||||-1|-1|2|-1||-1||1000255173612|-1|-1|2|-1||-1|-1|2020-12-21|2020-12-21|||-1||-1|||||||||2|-1|||-1|-1|-1||-1|-1|-1||31|-1|-1|-1|-1||||-1|-1||-1|-1|20|2020-12-17||2020-12-17|||256|917||||189082394|3|-1|68|-1|||||||-1|||||||||69|||||||2020-12-21|A|2020-09-15
94||||||||||||||||||||||-1|-1|2|-1||-1||1000255175712|-1|-1|2|-1||-1|-1|2020-12-21|2020-12-21|||-1||-1|||||||||2|-1|||-1|-1|-1||-1|-1|-1||31|-1|-1|-1|-1||||-1|-1||-1|-1|20|2020-12-18||2020-12-18|||1|2401||||99999999||-1|66|-1|||||||-1|||||||||69|||||||2020-12-21|A|2020-09-15
57||||||||||||||||||||||-1|-1|2|-1||-1||1000255175312|-1|-1|2|-1||-1|-1|2020-12-21|2020-12-21|||-1||-1|||||||||2|-1|||-1|-1|-1||-1|-1|-1||31|-1|-1|-1|-1||||-1|-1||-1|-1|20|2020-12-18||2020-12-18|||1|2401||||99999999||-1|66|-1|||||||-1|||||||||69|||||||2020-12-21|A|2020-09-15
32||||||||||||||||||||||-1|-1|2|-1||-1||1000255169012|-1|-1|2|-1||-1|-1|2020-12-21|2020-12-21|||-1||-1|||||||||2|-1|||-1|-1|-1||-1|-1|-1||31|-1|-1|-1|-1||||-1|-1||-1|-1|24|2020-12-15|2020-12-16|2020-12-15|||1|2401||||99999999||63|66|-1|||||||-1|||||||||69|||||||2020-12-21|A|2020-09-15
43||Maga|Gaudino|expr||Columbus|OH|90210||||||||||||US||-1|-1|2|-1||-1||1000255171612|7|-1|2|-1||-1|-1|2020-12-21|2020-12-21|||-1||-1|||||||||2|-1|||-1|-1|-1||-1|-1|-1||31|-1|-1|-1|-1||||-1|-1||-1|-1|20|2020-12-16||2020-12-16|||1|2401||||99999999||-1|66|-1|2020-12-17||99999999||1||2|2020-12-17|||99999999||1|||69|||||||2020-12-21|A|2020-09-15
84||Mobile|Checkout|3 Express Dr.||Columbus|OH|43202||||||||||||US||-1|-1|2|-1||-1||1000255170512|6|-1|2|-1||-1|-1|2020-12-21|2020-12-21|||-1||-1|||||||||2|-1|||-1|-1|-1||-1|-1|-1||31|-1|-1|-1|-1||||-1|-1||-1|-1|20|2020-12-15||2020-12-15|||4|2401||||99999999||-1|66|-1|2020-12-16||99999999||4||2|||||||||69|||||||2020-12-21|A|2020-09-15
31||||||||||||||||||||||-1|-1|2|-1||-1||1000255172312|-1|-1|2|-1||-1|-1|2020-12-21|2020-12-21|||-1||-1|||||||||2|-1|||-1|-1|-1||-1|-1|-1||31|-1|-1|-1|-1||||-1|-1||-1|-1|20|2020-12-16||2020-12-16|||7|2401||||99999999||-1|66|-1|||||||-1|||||||||69|||||||2020-12-21|A|2020-09-15
39||Mobile|Home|4 Express Dr.||Columbus|OH|43202||||||||||||US||-1|-1|2|-1||-1||1000255170212|7|-1|2|-1||-1|-1|2020-12-21|2020-12-21|||-1||-1|||||||||2|-1|||-1|-1|-1||-1|-1|-1||31|-1|-1|-1|-1||||-1|-1||-1|-1|20|2020-12-15||2020-12-15|||4|2401||||99999999||-1|66|-1|2020-12-16||99999999||4||2|||||||||69|||||||2020-12-21|A|2020-09-15
25||Web|Pdp|35 Bradford dr||columbus|OH|43230||||||||||||US||-1|-1|2|-1||-1||1000255169912|7|-1|2|-1||-1|-1|2020-12-21|2020-12-21|||-1||-1|||||||||2|-1|||-1|-1|-1||-1|-1|-1||31|-1|-1|-1|-1||||-1|-1||-1|-1|20|2020-12-15||2020-12-15|||7|2401||||99999999||-1|66|-1|2020-12-16||99999999||7||2|||||||||69|||||||2020-12-21|A|2020-09-15
95||Maga|Gaudino|expr deice||Columbus|OH|90210||||||||||||US||-1|-1|2|-1||-1||1000255171512|7|-1|2|-1||-1|-1|2020-12-21|2020-12-21|||-1||-1|||||||||2|-1|||-1|-1|-1||-1|-1|-1||31|-1|-1|-1|-1||||-1|-1||-1|-1|20|2020-12-16||2020-12-16|||1|2401||||99999999||-1|66|-1|2020-12-17||99999999||1||2|||||||||69|||||||2020-12-21|A|2020-09-15
71||||||||||||||||||||||-1|-1|2|-1||-1||1000255175212|-1|-1|2|-1||-1|-1|2020-12-21|2020-12-21|||-1||-1|||||||||2|-1|||-1|-1|-1||-1|-1|-1||31|-1|-1|-1|-1||||-1|-1||-1|-1|20|2020-12-18||2020-12-18|||1|2401||||99999999||-1|66|-1|||||||-1|||||||||69|||||||2020-12-21|A|2020-09-15
68||||||||||||||||||||||-1|-1|2|-1||-1||1000255169812|-1|-1|2|-1||-1|-1|2020-12-21|2020-12-21|||-1||-1|||||||||2|-1|||-1|-1|-1||-1|-1|-1||31|-1|-1|-1|-1||||-1|-1||-1|-1|24|2020-12-15|2020-12-16|2020-12-15|||1|2401||||99999999||62|66|-1|||||||-1|||||||||69|||||||2020-12-21|A|2020-09-15
72||MR|TEST|1 exp dt|apt#007|columbus|oh|43035||||||||||||||-1|-1|2|-1||-1||1000255174012|-1|-1|2|-1||-1|-1|2020-12-21|2020-12-21|||-1||-1|||||||||2|-1|||-1|-1|-1||-1|-1|-1||31|-1|-1|-1|-1||||-1|-1||-1|-1|20|2020-12-17||2020-12-17|||256|917||||189082394|3|-1|68|-1|||||||-1|||||||||69|||||||2020-12-21|A|2020-09-15
87||||||||||||||||||||||-1|-1|2|-1||-1||1000255168412|-1|-1|2|-1||-1|-1|2020-12-21|2020-12-21|||-1||-1|||||||||2|-1|||-1|-1|-1||-1|-1|-1||31|-1|-1|-1|-1||||-1|-1||-1|-1|20|2020-12-15||2020-12-15|||7|2401||||99999999||-1|66|-1|||||||-1|||||||||69|||||||2020-12-21|A|2020-09-15
58||||||||||||||||||||||-1|-1|2|-1||-1||1000255174612|-1|-1|2|-1||-1|-1|2020-12-21|2020-12-21|||-1||-1|||||||||2|-1|||-1|-1|-1||-1|-1|-1||31|-1|-1|-1|-1||||-1|-1||-1|-1|20|2020-12-18||2020-12-18|||7|2401||||99999999||-1|66|-1|||||||-1|||||||||69|||||||2020-12-21|A|2020-09-15
9||S|Gautam|||||||||||||||||||-1|-1|2|-1||-1||1000255173112|-1|-1|2|-1||-1|-1|2020-12-21|2020-12-21|||-1||-1|||||||||2|-1|||-1|-1|-1||-1|-1|-1||31|-1|-1|-1|-1||||-1|-1||-1|-1|20|2020-12-17||2020-12-17|||256|917||||88888888|3|-1|68|-1|||||||-1|||||||||69|||||||2020-12-21|A|2020-09-15
27||||||||||||||||||||||-1|-1|2|-1||-1||1000255168712|-1|-1|2|-1||-1|-1|2020-12-21|2020-12-21|||-1||-1|||||||||2|-1|||-1|-1|-1||-1|-1|-1||31|-1|-1|-1|-1||||-1|-1||-1|-1|24|2020-12-15|2020-12-16|2020-12-15|||1|2401||||99999999||63|66|-1|||||||-1|||||||||69|||||||2020-12-21|A|2020-09-15
63||Test|Data|42 Green Dr||New Albany|OH|43054||||||||||||US||-1|-1|2|-1||-1||1000255174812|6|-1|2|-1||-1|-1|2020-12-21|2020-12-21|||-1||-1|||||||||2|-1|||-1|-1|-1||-1|-1|-1||31|-1|-1|-1|-1||||-1|-1||-1|-1|20|2020-12-18||2020-12-18|||7|2401||||99999999||-1|66|-1|2020-12-18||99999999||7||2|||||||||70|||||||2020-12-21|A|2020-09-15
51||||||||||||||||||||||-1|-1|2|-1||-1||1000255172612|-1|-1|2|-1||-1|-1|2020-12-21|2020-12-21|||-1||-1|||||||||2|-1|||-1|-1|-1||-1|-1|-1||31|-1|-1|-1|-1||||-1|-1||-1|-1|20|2020-12-16||2020-12-16|||7|2401||||99999999||-1|66|-1|||||||-1|||||||||69|||||||2020-12-21|A|2020-09-15
56||||||||||||||||||||||-1|-1|2|-1||-1||1000255168312|-1|-1|2|-1||-1|-1|2020-12-21|2020-12-21|||-1||-1|||||||||2|-1|||-1|-1|-1||-1|-1|-1||31|-1|-1|-1|-1||||-1|-1||-1|-1|20|2020-12-15||2020-12-15|||256|0||||99999999||-1|68|-1||999999|||||-1|||||||||69|||||||2020-12-21|A|2020-09-15
52||Maga|Gaudin|expr drv||Columbus|MT|90210||||||||||||US||-1|-1|2|-1||-1||1000255176612|7|-1|2|-1||-1|-1|2020-12-21|2020-12-21|||-1||-1|||||||||2|-1|||-1|-1|-1||-1|-1|-1||31|-1|-1|-1|-1||||-1|-1||-1|-1|20|2020-12-18||2020-12-18|||1|2401||||99999999||-1|66|-1|2020-12-18||99999999||1||2|||||||||70|||||||2020-12-21|A|2020-09-15
17||Test|Data|4109 Bradford St||columbus|OH|43230||||||||||||US||-1|-1|2|-1||-1||1000255175012|6|-1|2|-1||-1|-1|2020-12-21|2020-12-21|||-1||-1|||||||||2|-1|||-1|-1|-1||-1|-1|-1||31|-1|-1|-1|-1||||-1|-1||-1|-1|20|2020-12-18||2020-12-18|||7|2401||||99999999||-1|66|-1|2020-12-18||99999999||7||2|||||||||70|||||||2020-12-21|A|2020-09-15
79||||||||||||||||||||||-1|-1|2|-1||-1||1000255176212|-1|-1|2|-1||-1|-1|2020-12-21|2020-12-21|||-1||-1|||||||||2|-1|||-1|-1|-1||-1|-1|-1||31|-1|-1|-1|-1||||-1|-1||-1|-1|20|2020-12-18||2020-12-18|||1|2401||||99999999||-1|66|-1|||||||-1|||||||||69|||||||2020-12-21|A|2020-09-15
41||Maga|Gaudino|expr||Columbus|IA|90210||||||||||||US||-1|-1|2|-1||-1||1000255176812|7|-1|2|-1||-1|-1|2020-12-21|2020-12-21|||-1||-1|||||||||2|-1|||-1|-1|-1||-1|-1|-1||31|-1|-1|-1|-1||||-1|-1||-1|-1|20|2020-12-18||2020-12-18|||1|2401||||99999999||-1|66|-1|2020-12-18||99999999||1||2|||||||||70|||||||2020-12-21|A|2020-09-15
28||Mob|Pdp|1 Express Dr.||Columbus|OH|43202||||||||||||US||-1|-1|2|-1||-1||1000255170312|6|-1|2|-1||-1|-1|2020-12-21|2020-12-21|||-1||-1|||||||||2|-1|||-1|-1|-1||-1|-1|-1||31|-1|-1|-1|-1||||-1|-1||-1|-1|20|2020-12-15||2020-12-15|||4|2401||||99999999||-1|66|-1|2020-12-16||99999999||4||2|||||||||69|||||||2020-12-21|A|2020-09-15
33||Loyalty|Relaunch83|||||||||||||||||||-1|-1|2|-1||-1||1000255170912|-1|-1|2|-1||-1|-1|2020-12-21|2020-12-21|||-1||-1|||||||||2|-1|||-1|-1|-1||-1|-1|-1||31|-1|-1|-1|-1||||-1|-1||-1|-1|20|2020-12-15||2020-12-15|||256|168||||322322322|3|-1|68|-1|||||||-1|||||||||69|||||||2020-12-21|A|2020-09-15
88||Web|Home|1 Express dr||Columbus|OH|43230||||||||||||US||-1|-1|2|-1||-1||1000255168812|6|-1|2|-1||-1|-1|2020-12-21|2020-12-21|||-1||-1|||||||||2|-1|||-1|-1|-1||-1|-1|-1||31|-1|-1|-1|-1||||-1|-1||-1|-1|20|2020-12-15||2020-12-15|||7|2401||||99999999||-1|66|-1|2020-12-15||99999999||7||2|||||||||70|||||||2020-12-21|A|2020-09-15
96||||||||||||||||||||||-1|-1|2|-1||-1||1000255175412|-1|-1|2|-1||-1|-1|2020-12-21|2020-12-21|||-1||-1|||||||||2|-1|||-1|-1|-1||-1|-1|-1||31|-1|-1|-1|-1||||-1|-1||-1|-1|20|2020-12-18||2020-12-18|||1|2401||||99999999||-1|66|-1|||||||-1|||||||||69|||||||2020-12-21|A|2020-09-15
10||||||||||||||||||||||-1|-1|2|-1||-1||1000255176012|-1|-1|2|-1||-1|-1|2020-12-21|2020-12-21|||-1||-1|||||||||2|-1|||-1|-1|-1||-1|-1|-1||31|-1|-1|-1|-1||||-1|-1||-1|-1|20|2020-12-18||2020-12-18|||1|2401||||99999999||-1|66|-1|||||||-1|||||||||69|||||||2020-12-21|A|2020-09-15
89||Mobile|Bag|2 Expess Dr.||Columbus|OH|43202||||||||||||US||-1|-1|2|-1||-1||1000255170412|7|-1|2|-1||-1|-1|2020-12-21|2020-12-21|||-1||-1|||||||||2|-1|||-1|-1|-1||-1|-1|-1||31|-1|-1|-1|-1||||-1|-1||-1|-1|20|2020-12-15||2020-12-15|||4|2401||||99999999||-1|66|-1|2020-12-16||99999999||4||2|||||||||69|||||||2020-12-21|A|2020-09-15
85||POSQA|Test|1 Exp dr|Suite 206|Columbus|OH|43085||||||||||||||-1|-1|2|-1||-1||1000255174112|-1|-1|2|-1||-1|-1|2020-12-21|2020-12-21|||-1||-1|||||||||2|-1|||-1|-1|-1||-1|-1|-1||31|-1|-1|-1|-1||||-1|-1||-1|-1|20|2020-12-17||2020-12-17|||256|917||||189082394|3|-1|68|-1|||||||-1|||||||||69|||||||2020-12-21|A|2020-09-15
48||Maga|Gaudino|expr drive||Columbus|OH|90210||||||||||||US||-1|-1|2|-1||-1||1000255171812|7|-1|2|-1||-1|-1|2020-12-21|2020-12-21|||-1||-1|||||||||2|-1|||-1|-1|-1||-1|-1|-1||31|-1|-1|-1|-1||||-1|-1||-1|-1|20|2020-12-16||2020-12-16|||1|2401||||99999999||-1|66|-1|2020-12-17||99999999||1||2|||||||||69|||||||2020-12-21|A|2020-09-15
67||||||||||||||||||||||-1|-1|2|-1||-1||1000255169412|-1|-1|2|-1||-1|-1|2020-12-21|2020-12-21|||-1||-1|||||||||2|-1|||-1|-1|-1||-1|-1|-1||31|-1|-1|-1|-1||||-1|-1||-1|-1|24|2020-12-15|2020-12-16|2020-12-15|||1|2401||||99999999||62|66|-1|||||||-1|||||||||69|||||||2020-12-21|A|2020-09-15
44||Mica|TestTwo|111 Express Dr||Columbus|Oh|43230||||||||||||||-1|-1|2|-1||-1||1000255176112|-1|-1|2|-1||-1|-1|2020-12-21|2020-12-21|||-1||-1|||||||||2|-1|||-1|-1|-1||-1|-1|-1||31|-1|-1|-1|-1||||-1|-1||-1|-1|20|2020-12-18||2020-12-18|||256|917||||88888888|3|-1|68|-1|||||||-1|||||||||69|||||||2020-12-21|A|2020-09-15
61||TEST|HELLO|||||||||||||||||||-1|-1|2|-1||-1||1000255173412|-1|-1|2|-1||-1|-1|2020-12-21|2020-12-21|||-1||-1|||||||||2|-1|||-1|-1|-1||-1|-1|-1||31|-1|-1|-1|-1||||-1|-1||-1|-1|20|2020-12-17||2020-12-17|||256|917||||189082394|3|-1|68|-1|||||||-1|||||||||69|||||||2020-12-21|A|2020-09-15
37||||||||||||||||||||||-1|-1|2|-1||-1||1000255168912|-1|-1|2|-1||-1|-1|2020-12-21|2020-12-21|||-1||-1|||||||||2|-1|||-1|-1|-1||-1|-1|-1||31|-1|-1|-1|-1||||-1|-1||-1|-1|20|2020-12-15||2020-12-15|||7|2401||||99999999||-1|66|-1|||||||-1|||||||||69|||||||2020-12-21|A|2020-09-15
83||Test|Loyalty|25 Express Dr||Columbus|OH|43230||||||||||||US||-1|-1|2|-1||-1||1000255174912|6|-1|2|-1||-1|-1|2020-12-21|2020-12-21|||-1||-1|||||||||2|-1|||-1|-1|-1||-1|-1|-1||31|-1|-1|-1|-1||||-1|-1||-1|-1|20|2020-12-18||2020-12-18|||7|2401||||99999999||-1|66|-1|2020-12-18||99999999||7||2|||||||||70|||||||2020-12-21|A|2020-09-15
12||sri|mandarapu|||||||||||||||||||-1|-1|2|-1||-1||1000255174212|-1|-1|2|-1|2020-08-09|-1|-1|2020-12-21|2020-12-21|||-1||-1|||||||||2|-1|||-1|-1|-1||-1|-1|-1|0|31|-1|-1|-1|-1||||-1|-1||-1|-1|20|2020-12-17||2020-12-17|||257|2400||||999999999|3|-1|66|-1|||||||-1|||||||||69|||||||2020-12-21|A|2020-09-15
55||Loyalty|Relaunch 85|||||||||||||||||||-1|-1|2|-1||-1||1000255171212|-1|-1|2|-1||-1|-1|2020-12-21|2020-12-21|||-1||-1|||||||||2|-1|||-1|-1|-1||-1|-1|-1||31|-1|-1|-1|-1||||-1|-1||-1|-1|20|2020-12-15||2020-12-15|||256|168||||322322322|3|-1|68|-1|||||||-1|||||||||69|||||||2020-12-21|A|2020-09-15
74||Sri|Mandarapu update|888 test results||lewisville|AR|75056||||||||||||US||-1|-1|2|-1||-1||1000255173312|6|-1|2|-1|1978-08-02|-1|-1|2020-12-21|2020-12-21|||-1||-1|||||||||2|-1|||-1|-1|-1||-1|-1|-1|42|30|-1|-1|-1|-1||||-1|-1||-1|-1|20|2020-12-17||2020-12-17|||257|2400|||35554672||7|-1|67|-1|2020-12-17|2400||35554672|257|7|2|2020-12-17||2400||35554672|257|7||70|||||||2020-12-21|A|2020-09-15
8||||||||||||||||||||||-1|-1|2|-1||-1||1000255175512|-1|-1|2|-1||-1|-1|2020-12-21|2020-12-21|||-1||-1|||||||||2|-1|||-1|-1|-1||-1|-1|-1||31|-1|-1|-1|-1||||-1|-1||-1|-1|20|2020-12-18||2020-12-18|||1|2401||||99999999||-1|66|-1|||||||-1|||||||||69|||||||2020-12-21|A|2020-09-15
62||QATEST|REGRESSION|123 MAIN STREET||PLANO|TX|75024||||||||||||US||-1|-1|2|-1||-1||1000255174412|3|-1|2|-1|2020-07-11|-1|-1|2020-12-21|2020-12-21|||-1||-1|||||||||2|-1|||-1|-1|-1||-1|-1|-1|0|31|-1|-1|-1|-1||||-1|-1||-1|-1|20|2020-12-17||2020-12-17|||256|830||||123456789||-1|68|-1|2020-12-17||123456789||256||2|2020-12-17|||123456789||256|||70|||||||2020-12-21|A|2020-09-15
11||||||||||||||||||||||-1|-1|2|-1||-1||1000255172012|-1|-1|2|-1||-1|-1|2020-12-21|2020-12-21|||-1||-1|||||||||2|-1|||-1|-1|-1||-1|-1|-1||31|-1|-1|-1|-1||||-1|-1||-1|-1|20|2020-12-16||2020-12-16|||7|2401||||99999999||-1|66|-1|||||||-1|||||||||69|||||||2020-12-21|A|2020-09-15
49||TEST10|TEST12|||||||||||||||||||-1|-1|2|-1||-1||1000255171412|-1|-1|2|-1||-1|-1|2020-12-21|2020-12-21|||-1||-1|||||||||2|-1|||-1|-1|-1||-1|-1|-1||31|-1|-1|-1|-1||||-1|-1||-1|-1|20|2020-12-16||2020-12-16|||256|42||||174174174|3|-1|68|-1|||||||-1|||||||||69|||||||2020-12-21|A|2020-09-15
35||||||||||||||||||||||-1|-1|2|-1||-1||1000255168512|-1|-1|2|-1||-1|-1|2020-12-21|2020-12-21|||-1||-1|||||||||2|-1|||-1|-1|-1||-1|-1|-1||31|-1|-1|-1|-1||||-1|-1||-1|-1|20|2020-12-15||2020-12-15|||256|0||||99999999||-1|68|-1||999999|||||-1|||||||||69|||||||2020-12-21|A|2020-09-15
80||||||||||||||||||||||-1|-1|2|-1||-1||1000255169212|-1|-1|2|-1||-1|-1|2020-12-21|2020-12-21|||-1||-1|||||||||2|-1|||-1|-1|-1||-1|-1|-1||31|-1|-1|-1|-1||||-1|-1||-1|-1|24|2020-12-15|2020-12-16|2020-12-15|||1|2401||||99999999||63|66|-1|||||||-1|||||||||69|||||||2020-12-21|A|2020-09-15
66||||||||||||||||||||||-1|-1|2|-1||-1||1000255171012|-1|-1|2|-1||-1|-1|2020-12-21|2020-12-21|||-1||-1|||||||||2|-1|||-1|-1|-1||-1|-1|-1||31|-1|-1|-1|-1||||-1|-1||-1|-1|20|2020-12-15||2020-12-15|||256|168||||322322322|3|-1|68|-1|||||||-1|||||||||69|||||||2020-12-21|A|2020-09-15
76||||||||||||||||||||||-1|-1|2|-1||-1||1000255169312|-1|-1|2|-1||-1|-1|2020-12-21|2020-12-21|||-1||-1|||||||||2|-1|||-1|-1|-1||-1|-1|-1||31|-1|-1|-1|-1||||-1|-1||-1|-1|24|2020-12-15|2020-12-16|2020-12-15|||1|2401||||99999999||62|66|-1|||||||-1|||||||||69|||||||2020-12-21|A|2020-09-15
92||||||||||||||||||||||-1|-1|2|-1||-1||1000255172412|-1|-1|2|-1||-1|-1|2020-12-21|2020-12-21|||-1||-1|||||||||2|-1|||-1|-1|-1||-1|-1|-1||31|-1|-1|-1|-1||||-1|-1||-1|-1|20|2020-12-16||2020-12-16|||7|2401||||99999999||-1|66|-1|||||||-1|||||||||69|||||||2020-12-21|A|2020-09-15
13||Test|Data|10 GreenPark Av||New Albany|OH|43054||||||||||||US||-1|-1|2|-1||-1||1000255175112|6|-1|2|-1||-1|-1|2020-12-21|2020-12-21|||-1||-1|||||||||2|-1|||-1|-1|-1||-1|-1|-1||31|-1|-1|-1|-1||||-1|-1||-1|-1|20|2020-12-18||2020-12-18|||7|2401||||99999999||-1|66|-1|2020-12-18||99999999||7||2|||||||||70|||||||2020-12-21|A|2020-09-15
36||Jarli|Diaz|Blvd Biscayne||Fl|GA|32000||||||||||||US||-1|-1|2|-1||-1||1000255170612|7|-1|2|-1||-1|-1|2020-12-21|2020-12-21|||-1||-1|||||||||2|-1|||-1|-1|-1||-1|-1|-1||31|-1|-1|-1|-1||||-1|-1||-1|-1|20|2020-12-15||2020-12-15|||2|2401||||99999999||-1|66|-1|||||||-1|||||||||69|||||||2020-12-21|A|2020-09-15
75||||||||||||||||||||||-1|-1|2|-1||-1||1000255168612|-1|-1|2|-1||-1|-1|2020-12-21|2020-12-21|||-1||-1|||||||||2|-1|||-1|-1|-1||-1|-1|-1||31|-1|-1|-1|-1||||-1|-1||-1|-1|24|2020-12-15|2020-12-16|2020-12-15|||1|2401||||99999999||63|66|-1|||||||-1|||||||||69|||||||2020-12-21|A|2020-09-15
78||||||||||||||||||||||-1|-1|2|-1||-1||1000255168112|-1|-1|2|-1||-1|-1|2020-12-21|2020-12-21|||-1||-1|||||||||2|-1|||-1|-1|-1||-1|-1|-1||31|-1|-1|-1|-1||||-1|-1||-1|-1|20|2020-12-15||2020-12-15|||256|0||||99999999||-1|68|-1||999999|||||-1|||||||||69|||||||2020-12-21|A|2020-09-15
18||Eduar||||||||||||||||||||-1|-1|2|-1||-1||1000255160612|-1|-1|2|-1||-1|-1|2020-12-21|2020-12-21|||-1||-1|||||||||2|-1|||-1|-1|-1||-1|-1|-1||31|-1|-1|-1|-1||||-1|-1||-1|-1|20|2020-12-11||2020-12-11|||257|2400|||28171991||7|-1|67|-1|||||||-1|||||||||69|||||||2020-12-21|A|2020-09-15
69||Maga|Gaudino|expe||Columbus|OH|90210||||||||||||US||-1|-1|2|-1||-1||1000255176712|7|-1|2|-1||-1|-1|2020-12-21|2020-12-21|||-1||-1|||||||||2|-1|||-1|-1|-1||-1|-1|-1||31|-1|-1|-1|-1||||-1|-1||-1|-1|20|2020-12-18||2020-12-18|||1|2401||||99999999||-1|66|-1|2020-12-18||99999999||1||2|||||||||70|||||||2020-12-21|A|2020-09-15
14||||||||||||||||||||||-1|-1|2|-1||-1||1000255172212|-1|-1|2|-1||-1|-1|2020-12-21|2020-12-21|||-1||-1|||||||||2|-1|||-1|-1|-1||-1|-1|-1||31|-1|-1|-1|-1||||-1|-1||-1|-1|20|2020-12-16||2020-12-16|||7|2401||||99999999||-1|66|-1|||||||-1|||||||||69|||||||2020-12-21|A|2020-09-15
21||Eduardo|Ramirez|||||||||||||||||||-1|-1|2|-1||-1||1000255173012|-1|-1|2|-1||-1|-1|2020-12-21|2020-12-21|||-1||-1|||||||||2|-1|||-1|-1|-1||-1|-1|-1||31|-1|-1|-1|-1||||-1|-1||-1|-1|20|2020-12-17||2020-12-17|||256|0||||99999999||-1|68|-1||999999|||||-1|||||||||69|||||||2020-12-21|A|2020-09-15
59||everyday|QA|212 Peek dr||Grove city|PA|25045||||||||||||||-1|-1|2|-1||-1||1000255174312|-1|-1|2|-1||-1|-1|2020-12-21|2020-12-21|||-1||-1|||||||||2|-1|||-1|-1|-1||-1|-1|-1||31|-1|-1|-1|-1||||-1|-1||-1|-1|20|2020-12-17||2020-12-17|||256|917||||189082394|3|-1|68|-1|||||||-1|||||||||69|||||||2020-12-21|A|2020-09-15
15||Maga|Gaudino|expr||Columbus|IA|90210||||||||||||US||-1|-1|2|-1||-1||1000255176512|7|-1|2|-1||-1|-1|2020-12-21|2020-12-21|||-1||-1|||||||||2|-1|||-1|-1|-1||-1|-1|-1||31|-1|-1|-1|-1||||-1|-1||-1|-1|20|2020-12-18||2020-12-18|||1|2401||||99999999||-1|66|-1|2020-12-18||99999999||1||2|||||||||70|||||||2020-12-21|A|2020-09-15
81||Web|Bag|11 Hillmont Dr||New Albany|OH|43054||||||||||||US||-1|-1|2|-1||-1||1000255170012|6|-1|2|-1||-1|-1|2020-12-21|2020-12-21|||-1||-1|||||||||2|-1|||-1|-1|-1||-1|-1|-1||31|-1|-1|-1|-1||||-1|-1||-1|-1|20|2020-12-15||2020-12-15|||7|2401||||99999999||-1|66|-1|2020-12-16||99999999||7||2|||||||||69|||||||2020-12-21|A|2020-09-15
38||Loyalty|Relaunch82|||||||||||||||||||-1|-1|2|-1||-1||1000255170812|-1|-1|2|-1||-1|-1|2020-12-21|2020-12-21|||-1||-1|||||||||2|-1|||-1|-1|-1||-1|-1|-1||31|-1|-1|-1|-1||||-1|-1||-1|-1|20|2020-12-15||2020-12-15|||256|168||||322322322|3|-1|68|-1|||||||-1|||||||||69|||||||2020-12-21|A|2020-09-15
82||test|hello|1 express dr||Columbus|oh|43035||||||||||||||-1|-1|2|-1||-1||1000255173712|-1|-1|2|-1||-1|-1|2020-12-21|2020-12-21|||-1||-1|||||||||2|-1|||-1|-1|-1||-1|-1|-1||31|-1|-1|-1|-1||||-1|-1||-1|-1|20|2020-12-17||2020-12-17|||256|917||||189082394|3|-1|68|-1|||||||-1|||||||||69|||||||2020-12-21|A|2020-09-15
97||Web|Checkout|545 w pine Av||Bloomsburg|PA|17815||||||||||||US||-1|-1|2|-1||-1||1000255170112|6|-1|2|-1||-1|-1|2020-12-21|2020-12-21|||-1||-1|||||||||2|-1|||-1|-1|-1||-1|-1|-1||31|-1|-1|-1|-1||||-1|-1||-1|-1|20|2020-12-15||2020-12-15|||7|2401||||99999999||-1|66|-1|2020-12-16||99999999||7||2|||||||||69|||||||2020-12-21|A|2020-09-15
30||||||||||||||||||||||-1|-1|2|-1||-1||1000255175812|-1|-1|2|-1||-1|-1|2020-12-21|2020-12-21|||-1||-1|||||||||2|-1|||-1|-1|-1||-1|-1|-1||31|-1|-1|-1|-1||||-1|-1||-1|-1|20|2020-12-18||2020-12-18|||1|2401||||99999999||-1|66|-1|||||||-1|||||||||69|||||||2020-12-21|A|2020-09-15
42||||||||||||||||||||||-1|-1|2|-1||-1||1000255172812|-1|-1|2|-1||-1|-1|2020-12-21|2020-12-21|||-1||-1|||||||||2|-1|||-1|-1|-1||-1|-1|-1||31|-1|-1|-1|-1||||-1|-1||-1|-1|20|2020-12-16||2020-12-16|||7|2401||||99999999||-1|66|-1|||||||-1|||||||||69|||||||2020-12-21|A|2020-09-15
73||Loyalty|Relaunch81|||||||||||||||||||-1|-1|2|-1||-1||1000255170712|-1|-1|2|-1||-1|-1|2020-12-21|2020-12-21|||-1||-1|||||||||2|-1|||-1|-1|-1||-1|-1|-1||31|-1|-1|-1|-1||||-1|-1||-1|-1|20|2020-12-15||2020-12-15|||256|168||||322322322|3|-1|68|-1|||||||-1|||||||||69|||||||2020-12-21|A|2020-09-15
90||Loyalty|Relaunch84|||||||||||||||||||-1|-1|2|-1||-1||1000255171112|-1|-1|2|-1||-1|-1|2020-12-21|2020-12-21|||-1||-1|||||||||2|-1|||-1|-1|-1||-1|-1|-1||31|-1|-1|-1|-1||||-1|-1||-1|-1|20|2020-12-15||2020-12-15|||256|168||||322322322|3|-1|68|-1|||||||-1|||||||||69|||||||2020-12-21|A|2020-09-15
23||Test|Loyalty|10 Federer Dr||Columbus|OH|43230||||||||||||US||-1|-1|2|-1||-1||1000255174712|6|-1|2|-1||-1|-1|2020-12-21|2020-12-21|||-1||-1|||||||||2|-1|||-1|-1|-1||-1|-1|-1||31|-1|-1|-1|-1||||-1|-1||-1|-1|20|2020-12-18||2020-12-18|||7|2401||||99999999||-1|66|-1|2020-12-18||99999999||7||2|||||||||70|||||||2020-12-21|A|2020-09-15
46||||||||||||||||||||||-1|-1|2|-1||-1||1000255172912|-1|-1|2|-1||-1|-1|2020-12-21|2020-12-21|||-1||-1|||||||||2|-1|||-1|-1|-1||-1|-1|-1||31|-1|-1|-1|-1||||-1|-1||-1|-1|20|2020-12-16||2020-12-16|||7|2401||||99999999||-1|66|-1|||||||-1|||||||||69|||||||2020-12-21|A|2020-09-15
20||Web|Home|1 express dr||Columbus|OH|43230||||||||||||US||-1|-1|2|-1||-1||1000255169512|6|-1|2|-1||-1|-1|2020-12-21|2020-12-21|||-1||-1|||||||||2|-1|||-1|-1|-1||-1|-1|-1||31|-1|-1|-1|-1||||-1|-1||-1|-1|20|2020-12-15||2020-12-15|||7|2401||||99999999||-1|66|-1|2020-12-16||99999999||7||2|||||||||69|||||||2020-12-21|A|2020-09-15
70||Maga|Gaudino|expr||Columbus|KY|90210||||||||||||US||-1|-1|2|-1||-1||1000255176912|6|-1|2|-1||-1|-1|2020-12-21|2020-12-21|||-1||-1|||||||||2|-1|||-1|-1|-1||-1|-1|-1||31|-1|-1|-1|-1||||-1|-1||-1|-1|20|2020-12-18||2020-12-18|||1|2401||||99999999||-1|66|-1|2020-12-18||99999999||1||2|||||||||70|||||||2020-12-21|A|2020-09-15
86||Test|Hello|1 exp dr|APT#1|Columbus|OH|43025||||||||||||||-1|-1|2|-1||-1||1000255173912|-1|-1|2|-1||-1|-1|2020-12-21|2020-12-21|||-1||-1|||||||||2|-1|||-1|-1|-1||-1|-1|-1||31|-1|-1|-1|-1||||-1|-1||-1|-1|20|2020-12-17||2020-12-17|||256|917||||189082394|3|-1|68|-1|||||||-1|||||||||69|||||||2020-12-21|A|2020-09-15
60||Maga|Gaudino|expr||Columbus|OH|90210||||||||||||US||-1|-1|2|-1||-1||1000255176412|7|-1|2|-1||-1|-1|2020-12-21|2020-12-21|||-1||-1|||||||||2|-1|||-1|-1|-1||-1|-1|-1||31|-1|-1|-1|-1||||-1|-1||-1|-1|20|2020-12-18||2020-12-18|||1|2401||||99999999||-1|66|-1|2020-12-18||99999999||1||2|||||||||70|||||||2020-12-21|A|2020-09-15
93||afg|sdg|||||||||||||||||||-1|-1|2|-1||-1||1000255173812|-1|-1|2|-1||-1|-1|2020-12-21|2020-12-21|||-1||-1|||||||||2|-1|||-1|-1|-1||-1|-1|-1||31|-1|-1|-1|-1||||-1|-1||-1|-1|20|2020-12-17||2020-12-17|||256|917||||189082394|3|-1|68|-1|||||||-1|||||||||69|||||||2020-12-21|A|2020-09-15
40||||||||||||||||||||||-1|-1|2|-1||-1||1000255172112|-1|-1|2|-1||-1|-1|2020-12-21|2020-12-21|||-1||-1|||||||||2|-1|||-1|-1|-1||-1|-1|-1||31|-1|-1|-1|-1||||-1|-1||-1|-1|20|2020-12-16||2020-12-16|||7|2401||||99999999||-1|66|-1|||||||-1|||||||||69|||||||2020-12-21|A|2020-09-15
16||Maga|Gaudino|expr drive||Columbus|OH|90210||||||||||||US||-1|-1|2|-1||-1||1000255171712|7|-1|2|-1||-1|-1|2020-12-21|2020-12-21|||-1||-1|||||||||2|-1|||-1|-1|-1||-1|-1|-1||31|-1|-1|-1|-1||||-1|-1||-1|-1|20|2020-12-16||2020-12-16|||1|2401||||99999999||-1|66|-1|2020-12-17||99999999||1||2|||||||||69|||||||2020-12-21|A|2020-09-15
64||||||||||||||||||||||-1|-1|2|-1||-1||1000255169112|-1|-1|2|-1||-1|-1|2020-12-21|2020-12-21|||-1||-1|||||||||2|-1|||-1|-1|-1||-1|-1|-1||31|-1|-1|-1|-1||||-1|-1||-1|-1|24|2020-12-15|2020-12-16|2020-12-15|||1|2401||||99999999||63|66|-1|||||||-1|||||||||69|||||||2020-12-21|A|2020-09-15
91||||||||||||||||||||||-1|-1|2|-1||-1||1000255173212|-1|-1|2|-1||-1|-1|2020-12-21|2020-12-21|||-1||-1|||||||||2|-1|||-1|-1|-1||-1|-1|-1||31|-1|-1|-1|-1||||-1|-1||-1|-1|20|2020-12-17||2020-12-17|||1|2401||||99999999||-1|66|-1|||||||-1|||||||||69|||||||2020-12-21|A|2020-09-15
45||Maga|Gaudino|expr dr||Columbus|OH|90210||||||||||||US||-1|-1|2|-1||-1||1000255171912|7|-1|2|-1||-1|-1|2020-12-21|2020-12-21|||-1||-1|||||||||2|-1|||-1|-1|-1||-1|-1|-1||31|-1|-1|-1|-1||||-1|-1||-1|-1|20|2020-12-16||2020-12-16|||1|2401||||99999999||-1|66|-1|2020-12-17||99999999||1||2|||||||||69|||||||2020-12-21|A|2020-09-15
47||||||||||||||||||||||-1|-1|2|-1||-1||1000255169712|-1|-1|2|-1||-1|-1|2020-12-21|2020-12-21|||-1||-1|||||||||2|-1|||-1|-1|-1||-1|-1|-1||31|-1|-1|-1|-1||||-1|-1||-1|-1|24|2020-12-15|2020-12-16|2020-12-15|||1|2401||||99999999||62|66|-1|||||||-1|||||||||69|||||||2020-12-21|A|2020-09-15
53||Mobile|Login|6 Express Dr.||Columbus|OH|43202||||||||||||US||-1|-1|2|-1||-1||1000255168212|7|-1|2|-1||-1|-1|2020-12-21|2020-12-21|||-1||-1|||||||||2|-1|||-1|-1|-1||-1|-1|-1||31|-1|-1|-1|-1||||-1|-1||-1|-1|20|2020-12-15||2020-12-15|||4|2401||||99999999||-1|66|-1|2020-12-17||99999999||4||2|||||||||69|||||||2020-12-21|A|2020-09-15
24||||||||||||||||||||||-1|-1|2|-1||-1||1000255175912|-1|-1|2|-1||-1|-1|2020-12-21|2020-12-21|||-1||-1|||||||||2|-1|||-1|-1|-1||-1|-1|-1||31|-1|-1|-1|-1||||-1|-1||-1|-1|20|2020-12-18||2020-12-18|||1|2401||||99999999||-1|66|-1|||||||-1|||||||||69|||||||2020-12-21|A|2020-09-15
