72da147c6b123b399300c39007451f98
1000
1112132676|2018-09-09|2018|2200|71550|12480|0|80000|0|-11755|3305
1112978176|2018-12-12|2018|2400|82120|11040|0|80000|0|-950|3070
1171024093|2018-06-13|2018|4500|63180|15170|0|80000|0|-21270|4450
1158448337|2018-10-31|2018|-600|80505|4540|0|80000|-300|-1055|1560
1175778859|2018-04-29|2018|160|82745|960|0|80000|0|-290|3035
1137912795|2018-07-21|2018|1200|65095|980|0|80000|0|-15715|810
1194371238|2018-04-30|2018|9540|85200|11060|0|80000|0|-5700|10900
1181279918|2018-08-12|2018|-320|73390|15180|0|80000|0|-8135|1525
1183449390|2018-09-18|2018|1260|93850|64180|0|80000|0|11450|2400
1181842164|2018-03-14|2018|1450|77250|1450|0|80000|0|-5920|3170
1204455684|2018-11-14|2018|340|71960|12780|0|80000|0|-10190|2150
1195899386|2018-03-07|2018|1380|82775|3340|0|80000|0|-9375|12150
1176537822|2019-01-18|2018|1760|78290|5500|0|80000|0|-2410|700
1188700368|2018-08-07|2018|-520|72795|7710|0|80000|0|-9380|2175
1162027802|2018-10-27|2018|1580|78560|8500|0|80000|0|-5010|3570
1200711734|2018-04-29|2018|3560|85340|8200|0|80000|0|1125|4215
1216777691|2018-07-08|2018|4340|86245|8200|0|80000|0|-180|6425
1190234368|2018-09-25|2018|1990|84680|34390|0|80000|0|130|4550
1192478417|2018-07-11|2018|1080|72285|9360|0|80000|0|-9175|1460
1215945344|2019-01-28|2018|1740|71480|25840|0|72500|0|-4365|3345
1209192166|2018-10-16|2018|3640|72890|3640|0|72500|0|-3645|4035
1121226384|2018-06-07|2018|2630|126630|13770|0|72500|0|50180|3950
1111293910|2018-11-06|2018|1300|72885|7220|0|72500|0|-2835|3220
1123612224|2018-11-28|2018|-5670|31060|2320|0|72500|0|-37760|-3680
1188771664|2018-11-09|2018|1180|71310|8300|0|72500|0|-3420|2230
1111618581|2018-05-16|2018|1080|72940|3190|0|72500|0|-1725|2165
1120967158|2018-10-21|2018|1200|71255|9310|0|72500|0|-2910|1665
1201220753|2018-12-18|2018|102|70592|25632|0|72500|0|-3745|1837
1181561619|2018-06-12|2018|4080|60060|4080|0|72500|0|-17850|5410
1190235948|2018-11-15|2018|-600|61335|18600|0|72500|0|-12395|1230
1176539058|2018-05-21|2018|1600|74260|10200|0|72500|0|-150|1910
1195681336|2018-09-12|2018|1400|74930|9040|0|72500|0|-630|3060
1181616759|2018-10-16|2018|1370|72280|13480|0|72500|0|-2310|2090
1174102124|2018-12-16|2018|1330|74710|9740|0|72500|0|-180|2390
1126386337|2018-04-24|2018|1400|74010|1400|0|72500|0|-1020|2530
1194172194|2018-09-14|2018|3000|70460|3640|0|72500|0|-5550|3510
1149452568|2018-10-11|2018|1580|67930|7950|0|72500|0|-8380|3810
1188696420|2018-06-22|2018|3710|77700|5000|0|72500|0|-320|5520
1187808681|2018-12-19|2018|6820|79410|15530|0|72500|0|-2220|9130
1118622526|2018-04-11|2018|1060|80490|5500|0|72500|0|5105|2885
1197945203|2018-12-07|2018|840|69000|10320|0|72500|0|-6205|2705
1181454158|2018-09-07|2018|1100|73440|3520|0|72500|0|-840|1780
1174461263|2019-02-23|2018|780|66500|15070|0|72500|0|-9555|3555
1186715526|2018-11-11|2018|2260|77055|11350|0|72500|0|390|4165
1125904848|2018-09-27|2018|2700|68885|21180|0|72500|0|-9795|6180
1176831527|2019-02-02|2018|1350|61800|6150|0|72500|0|-14980|4280
1149324862|2018-04-05|2018|1480|77245|7740|0|72500|0|-2280|7025
1112559606|2018-11-21|2018|130|74430|1730|0|72500|0|-690|2620
1169902943|2018-08-25|2018|2720|72915|5840|0|72500|0|-2575|2990
1163906600|2018-07-15|2018|1180|73560|1180|0|72500|0|-1915|2975
1198614944|2018-12-24|2018|1320|71880|10060|0|72500|0|1480|-2100
1226085763|2018-09-22|2018|1720|74955|10890|0|72500|0|-1510|3965
1189267918|2018-12-08|2018|1380|83120|10030|0|72500|0|8175|2445
1191805683|2018-06-12|2018|560|51450|3300|0|72500|0|-23290|2240
1216752006|2018-09-15|2018|210|62680|13380|0|65000|0|-3210|890
1118831411|2018-04-05|2018|5340|72535|6680|0|65000|0|855|6680
1219376520|2019-01-13|2018|130|63740|20010|0|65000|0|-4130|2870
113867114081|2018-10-10|2018|-300|6300|6300|0|65000|0|0|-58700
1189288671|2019-01-27|2018|680|62190|4550|0|65000|0|-5095|2285
1176270824|2018-12-27|2018|730|71010|7910|0|65000|0|3090|2920
1110474879|2018-05-05|2018|640|61105|2500|0|65000|0|-8130|4235
1120130599|2018-11-24|2018|640|68195|2590|0|65000|0|215|2980
1117162924|2018-11-13|2018|2760|54525|5220|0|65000|0|-13530|3055
1181411706|2018-12-24|2018|430|61100|5050|0|65000|0|-6160|2260
1123864128|2018-07-06|2018|5070|54500|11410|0|65000|0|-16390|5890
113865375781|2019-02-24|2018|-610|68840|68840|0|65000|0|0|3840
1120506393|2018-05-01|2018|390|63855|1750|0|65000|0|-1250|105
1115004691|2018-10-02|2018|2000|114895|3800|0|65000|0|47095|2800
1217527634|2018-11-11|2018|-210|54725|8760|0|65000|0|-11465|1190
1240396796|2018-12-03|2018|5330|40870|6960|0|65000|0|-23670|-460
1232218863|2018-12-19|2018|4220|59320|30240|0|65000|0|-10290|4610
1125283063|2018-10-13|2018|840|68080|10220|0|65000|0|0|3080
1163545253|2018-10-02|2018|120|62275|10810|0|65000|0|-5215|2490
1198158971|2018-05-07|2018|1410|64760|2160|0|65000|0|-4400|4160
1222742613|2018-03-05|2018|1980|62720|1980|0|65000|0|-6070|3790
1122066648|2018-09-05|2018|2560|64445|3670|0|65000|0|-5390|4835
1174795352|2018-05-16|2018|860|68540|3270|0|65000|0|490|3050
1133244543|2018-07-29|2018|-1060|63250|840|0|65000|0|-1210|-540
1175405933|2019-01-20|2018|2930|67410|5260|0|65000|0|-1530|3940
1175469044|2018-05-08|2018|6360|72665|13800|0|65000|0|-7455|15120
1175148062|2019-02-02|2018|1120|78395|24160|0|65000|0|10335|3060
1174762746|2018-09-28|2018|2450|68995|11760|0|65000|0|135|3860
1115823054|2019-02-20|2018|640|50515|7020|0|65000|0|-15780|1295
1194441573|2018-08-07|2018|90|63510|9130|0|65000|0|-2585|1095
1131416745|2019-02-07|2018|2520|59585|15620|0|65000|0|-9465|4050
1192764632|2019-02-19|2018|5460|64505|30760|0|65000|0|-8245|7750
1195715770|2018-06-23|2018|940|63785|8680|0|65000|0|-3665|2450
1183444532|2018-03-09|2018|2400|72140|2340|0|65000|0|3920|3220
1159209569|2018-08-24|2018|-6650|51880|31530|0|65000|0|-11580|-1540
1142036598|2018-11-21|2018|630|42040|9080|0|65000|0|-25400|2440
1154764855|2018-08-09|2018|2920|67580|12880|0|65000|0|-2800|5380
1211882629|2018-12-01|2018|-1420|64300|8500|0|65000|0|-1730|1030
1124538106|2018-11-14|2018|1040|53460|8670|0|65000|0|-14850|3310
1181707212|2018-04-20|2018|720|68365|720|0|65000|0|235|3130
1198630080|2018-07-19|2018|160|64540|3540|0|65000|0|-1500|1040
1196529927|2018-06-12|2018|1080|67160|6120|0|65000|0|810|1350
1186183423|2019-01-05|2018|1010|62275|3450|0|65000|0|-6175|3450
1113896684|2018-12-09|2018|310|56335|12500|0|57500|0|-3335|2170
1131957416|2018-04-15|2018|750|59675|3290|0|57500|0|0|2175
1174571502|2019-01-06|2018|-150|51800|6540|0|57500|0|-7350|1650
1123723545|2018-10-12|2018|160|59220|4280|0|57500|0|1025|695
1181603331|2018-10-09|2018|260|57660|7840|0|57500|0|-1320|1480
1219174523|2018-05-06|2018|2300|55485|2900|0|57500|0|-4575|2560
1148463629|2019-01-05|2018|280|53465|12020|0|57500|0|-8075|4040
1211840324|2018-12-09|2018|-1200|54660|22020|0|57500|0|-4135|1295
1195760041|2018-12-15|2018|7920|65630|7920|0|57500|0|210|7920
1175820470|2018-10-25|2018|490|53760|8440|0|57500|0|-5640|1900
1130105089|2019-02-03|2018|1520|56490|2640|0|57500|0|-3650|2640
1134179741|2018-06-16|2018|580|59340|3660|0|57500|0|360|1480
1175415377|2018-09-09|2018|3040|61700|5100|0|57500|0|-1160|5360
1122621384|2018-09-04|2018|530|52900|5840|0|57500|0|-9720|5120
1111026026|2018-06-20|2018|1500|58150|3560|0|57500|0|-2880|3530
1235912981|2018-06-26|2018|1560|60500|25700|0|57500|0|0|3000
1214458880|2018-09-20|2018|-1040|56865|6880|0|57500|0|-5065|4430
1110792723|2018-05-16|2018|410|48615|590|0|57500|0|-8975|90
1177511340|2018-05-05|2018|1580|58380|2860|0|57500|0|-2620|3500
1139642851|2018-12-23|2018|-580|58350|7070|0|57500|0|280|570
1169476224|2018-11-20|2018|1190|63540|13070|0|57500|0|4700|1340
1112118719|2018-08-08|2018|1120|58915|3700|0|57500|0|-355|1770
1113039854|2018-05-09|2018|-220|57175|2400|0|57500|0|-3440|3115
1141426483|2019-02-26|2018|-1760|63700|35660|0|57500|0|3655|2545
1225303516|2018-11-26|2018|1980|50740|9830|0|57500|0|-10290|3530
1171268544|2018-07-18|2018|560|49430|1710|0|57500|0|-8640|570
1175788212|2018-11-26|2018|470|56540|9320|0|57500|0|-1660|700
1113203888|2019-02-13|2018|2590|60245|28100|0|57500|0|0|2745
1238592806|2018-11-04|2018|660|58620|13290|0|57500|0|0|1120
1142373268|2018-10-14|2018|1300|59440|13360|0|57500|0|180|1760
1158499001|2018-04-05|2018|1440|76135|1440|0|57500|0|15270|3365
1176738013|2018-12-24|2018|510|60065|14640|0|57500|0|-4905|7470
1183404478|2018-10-02|2018|1310|53025|4150|0|57500|0|-7800|3325
1110793918|2018-08-20|2018|5320|57350|12060|0|57500|0|-7615|7465
1114172816|2018-11-15|2018|630|59040|7000|0|57500|0|-100|1640
1185146100|2019-01-08|2018|130|50095|11330|0|57500|0|-7790|385
1127793146|2018-10-13|2018|1200|38795|1650|0|57500|0|-19715|1010
1174365223|2019-02-17|2018|1250|53420|7400|0|57500|0|-7320|3240
1235134674|2018-10-21|2018|850|59070|24720|0|57500|0|-760|2330
1221689431|2018-12-25|2018|930|59255|20250|0|57500|0|0|1755
1176111594|2018-12-09|2018|-300|39080|8080|0|57500|0|-17860|-560
1189209789|2018-10-03|2018|3050|141900|19320|0|137500|0|-1570|5970
1198694044|2018-12-29|2018|280|131710|26220|0|137500|0|-8155|2365
1174408365|2018-11-01|2018|1280|139170|15670|0|137500|0|-2400|4070
1149377897|2018-11-10|2018|340|121220|29260|0|137500|0|-17580|1300
1199999802|2018-10-11|2018|1120|135540|38440|0|137500|0|-4085|2125
1176747124|2018-06-26|2018|-440|126785|10890|0|130000|0|-4340|1125
1189160972|2018-12-15|2018|940|114650|13620|0|130000|0|-16970|1620
1162243685|2018-10-18|2018|-1020|71520|13900|0|130000|0|-57505|-975
1115308200|2019-01-31|2018|1120|125410|32880|0|130000|0|-8580|3990
1174788487|2018-11-22|2018|1820|144980|35890|0|130000|0|10975|4005
1139233555|2018-08-07|2018|1200|127015|11720|0|130000|0|-4630|1645
1135407099|2019-02-20|2018|140|120115|27480|0|122500|0|-4860|2475
1178112980|2018-11-20|2018|2220|121755|36710|0|122500|0|-4495|3750
1122492497|2018-04-09|2018|3420|114205|3420|0|122500|0|-12240|3945
1123007932|2018-10-10|2018|1440|98675|10740|0|122500|0|-27255|3430
1174352074|2018-04-07|2018|220|111912|1790|0|122500|0|-13510|2922
1169930526|2018-12-14|2018|-840|87200|4660|0|122500|0|-33805|-1495
1113500863|2018-04-05|2018|320|99550|320|0|115000|0|-16155|705
1175337614|2018-11-10|2018|2800|99725|13070|0|115000|0|-18395|3120
1211968044|2019-01-16|2018|950|114635|29120|0|115000|0|-2355|1990
1132502184|2019-01-19|2018|-580|101880|20980|0|115000|0|-12540|-580
1117759598|2018-10-01|2018|1770|116470|29760|0|115000|0|-380|1850
1176630867|2018-12-23|2018|2100|119380|18940|0|115000|0|-150|4530
1116678003|2018-04-05|2018|-110|109830|1490|0|115000|0|-8485|3315
1110702017|2018-10-07|2018|3480|104665|7650|0|115000|0|-14700|4365
1123715017|2018-08-13|2018|560|115240|9880|0|115000|0|-2805|3045
1223560505|2019-02-04|2018|1810|118525|30080|0|115000|0|-510|4035
1123104638|2018-07-18|2018|5380|112065|12380|0|115000|0|-10265|7330
1117077971|2018-04-05|2018|1960|113285|1960|0|115000|0|-6135|4420
1204708493|2018-07-30|2018|440|101900|7800|0|107500|0|-6270|670
1208338536|2018-10-11|2018|1340|97410|22100|0|107500|0|-12915|2825
1110382019|2019-02-11|2018|1360|108750|17560|0|107500|0|-920|2170
1123727383|2018-10-14|2018|1100|103705|9430|0|107500|0|-6390|2595
1174719956|2018-06-28|2018|6600|114340|7860|0|107500|0|-60|6900
1181544705|2018-08-20|2018|1440|100350|6210|0|107500|0|-11210|4060
1151706923|2018-04-07|2018|460|107720|460|0|107500|0|-1945|2165
1178579606|2018-12-18|2018|130|104510|30350|0|107500|0|-4720|1730
1201056103|2018-10-02|2018|1860|101605|19960|0|107500|0|-8475|2580
1134454247|2018-08-10|2018|120|103285|8720|0|107500|0|-4740|525
1174272423|2019-01-20|2018|2160|104960|23660|0|107500|0|-5765|3225
1118229240|2018-07-09|2018|3200|79945|4200|0|107500|0|-29180|1625
1168296818|2019-02-13|2018|190|106350|7070|0|107500|0|-3750|2600
1191923290|2018-11-14|2018|520|105815|14020|0|107500|0|-945|-740
1110751342|2018-09-08|2018|-1120|103625|15770|0|100000|0|-2875|6500
1192226557|2018-06-12|2018|580|83990|1850|0|100000|0|-17200|1190
1179023244|2018-08-23|2018|-960|79065|7820|0|100000|0|-20510|-425
1183611884|2018-08-11|2018|960|97105|11110|0|100000|0|-5130|2235
1192724572|2018-10-07|2018|2490|106470|24890|0|100000|0|1890|4580
1174634473|2018-09-06|2018|640|103030|12440|0|100000|0|-1050|4080
1111180103|2018-10-14|2018|1240|83565|17510|0|100000|0|-16760|325
1119515386|2018-04-07|2018|-3440|89640|1760|0|100000|0|-13365|3005
1111299540|2018-12-31|2018|3320|147015|30810|0|100000|0|42275|4740
1130763284|2018-11-29|2018|1580|102665|14530|0|100000|0|-1390|4055
1119151985|2018-10-26|2018|1210|93620|9010|0|100000|0|-10260|3880
1190939195|2018-11-11|2018|-960|82790|16600|0|100000|0|-17555|345
1117629042|2018-10-17|2018|6720|103430|20580|0|100000|0|-4055|7485
1111456192|2018-11-30|2018|1160|89650|20270|0|100000|0|-11720|1370
1111962378|2019-01-09|2018|-1120|90485|15330|0|100000|0|-8010|-1505
1134268599|2019-02-18|2018|520|102600|13580|0|100000|0|0|2600
1177637655|2019-01-29|2018|-1540|95955|11260|0|100000|0|-8765|4720
1126824427|2018-06-30|2018|440|82885|16310|0|100000|0|-21340|4225
1131189552|2018-04-09|2018|3460|95200|3540|0|100000|0|-9285|4485
1188140350|2018-07-30|2018|920|83675|10060|0|92500|0|-16185|7360
1151458402|2018-04-20|2018|550|80910|1350|0|92500|0|-13570|1980
1115027553|2018-08-26|2018|1200|79045|4400|0|92500|0|-16680|3225
1122836669|2018-11-22|2018|1100|86850|21000|0|92500|0|-8410|2760
1174595851|2018-12-07|2018|-10|82750|24410|0|92500|0|-9500|-250
1188468482|2018-06-16|2018|1700|94225|3140|0|92500|0|-630|2355
1194387192|2018-04-28|2018|850|93490|850|0|92500|0|-980|1970
1175681216|2018-08-15|2018|3650|95840|7410|0|92500|0|-2340|5680
1183584446|2018-07-11|2018|530|93700|8830|0|92500|0|-2575|3775
1116870960|2019-01-10|2018|-690|67380|3890|0|92500|0|-29780|4660
1189510475|2018-09-15|2018|190|84400|17650|0|92500|0|-9620|1520
1111951805|2018-08-31|2018|1520|92400|2380|0|92500|0|-2980|2880
1195499084|2018-09-26|2018|2460|73335|14090|0|92500|0|-23185|4020
1189392028|2018-06-12|2018|1960|86705|3280|0|92500|0|-10025|4230
1175701204|2018-04-05|2018|650|95400|2680|0|92500|0|-1620|4520
1119895881|2018-06-13|2018|6180|115490|18000|0|92500|0|10935|12055
1117739953|2018-11-22|2018|2700|89745|4340|0|92500|0|-5075|2320
1113067676|2018-11-10|2018|2620|75390|17370|0|92500|0|-21260|4150
1207034293|2019-02-22|2018|380|93235|38390|0|92500|0|-895|1630
1200013921|2018-11-21|2018|970|91420|20320|0|92500|0|-4180|3100
1174321510|2018-08-02|2018|1030|92455|8360|0|92500|0|-2760|2715
1174391024|2018-09-28|2018|-900|88515|6770|0|92500|0|-6420|2435
1221295828|2018-06-17|2018|780|80275|13580|0|85000|0|-5715|990
1187125538|2018-11-06|2018|1390|37965|2270|0|85000|0|-49305|2270
1198412281|2019-02-22|2018|60|78595|6450|0|85000|0|-8665|2260
1190649256|2019-02-16|2018|840|84580|14700|0|85000|0|-3245|2825
1123399278|2018-11-22|2018|1180|82625|11740|0|85000|0|-3810|1435
1192200043|2018-07-04|2018|270|83585|7300|0|85000|0|-2310|895
1151976649|2018-10-29|2018|-1600|70545|4730|0|85000|0|-16780|2325
1211619833|2019-01-13|2018|-1000|51010|9040|0|85000|0|-33940|-50
1115679164|2018-12-01|2018|3130|76880|17440|0|85000|0|-12280|4160
1175374451|2018-05-06|2018|1200|77985|4360|0|85000|0|-9070|2055
1188810215|2018-08-08|2018|-1800|68990|5100|0|85000|0|-15280|-730
1118670348|2018-09-30|2018|4780|84150|10780|0|85000|0|-6120|5270
1187627222|2018-08-02|2018|-1260|83255|4740|0|85000|0|-1030|-715
1217287623|2019-02-03|2018|1960|68720|12620|0|85000|0|-10770|-5510
1176177306|2018-06-13|2018|1840|90490|6730|0|85000|0|1190|4300
1197723675|2018-09-03|2018|2840|91300|43360|0|85000|0|2140|4160
1191762016|2018-12-07|2018|660|84720|2480|0|85000|0|-2625|2345
1211962589|2018-04-05|2018|510|87500|4300|0|85000|0|-410|2910
1234001562|2018-11-11|2018|660|84435|29230|0|85000|0|-2120|1555
1143035295|2018-08-22|2018|880|83045|7400|0|85000|0|-4175|2220
1168093063|2018-07-16|2018|2280|97120|17810|0|85000|0|5655|6465
1110709167|2019-01-01|2018|2620|85500|14540|0|85000|0|-3690|4190
1175746789|2018-09-09|2018|730|60445|730|0|85000|0|-26235|1680
1116132889|2018-03-18|2018|1260|105520|1260|0|85000|0|16980|3540
1127212476|2018-10-21|2018|80|65360|9180|0|85000|0|-20910|1270
1181333151|2018-12-19|2018|2580|90270|26200|0|85000|0|670|4600
1116739659|2018-06-12|2018|1500|81400|9940|0|85000|0|-6610|3010
1118269217|2019-01-28|2018|560|68915|22760|0|77500|0|-11520|2935
1175138968|2018-12-09|2018|1020|74235|3660|0|77500|0|-5785|2520
1176082991|2018-07-29|2018|620|76250|1880|0|77500|0|-3140|1890
1186047456|2018-08-20|2018|-900|63030|14300|0|77500|0|-14305|-165
1195325412|2018-04-04|2018|760|73155|1360|0|77500|0|-7625|3280
1194107728|2018-05-01|2018|2760|77525|2760|0|77500|0|-4220|4245
1174816408|2018-03-03|2018|-440|83520|-440|0|77500|0|-1755|7775
1198482550|2018-11-02|2018|-660|74735|5480|0|77500|0|-7980|5215
1206616467|2018-05-08|2018|3660|81030|3790|0|77500|0|-1390|4920
1116871157|2018-11-12|2018|1140|73495|2560|0|77500|0|-5655|1650
1175752677|2018-12-22|2018|310|80770|1450|0|77500|0|2120|1150
1114610868|2018-06-07|2018|13900|128275|32720|0|77500|0|36135|14640
1124537278|2018-08-07|2018|1360|78235|8040|0|77500|0|-2920|3655
1185787734|2018-04-17|2018|3560|95175|3560|0|77500|0|13485|4190
1239077801|2018-10-09|2018|1020|67570|33500|0|77500|0|-12030|2100
1174334364|2018-10-17|2018|-20|76250|3050|0|77500|0|-1760|510
1120846207|2018-11-23|2018|60|96770|13140|0|77500|0|18600|670
1111477135|2019-02-24|2018|960|65985|21910|0|77500|0|-14320|2805
1120331592|2018-07-17|2018|2330|72630|2530|0|77500|0|-6535|1665
1174632268|2018-11-06|2018|-1700|65865|3310|0|77500|0|-11225|-410
1181810766|2018-06-22|2018|1100|56390|3800|0|77500|0|-24975|3865
1150225131|2018-04-05|2018|1800|68620|2280|0|77500|0|-11450|2570
1132494648|2018-04-28|2018|2760|78895|4020|0|77500|0|-4745|6140
1174393450|2018-11-13|2018|1060|79145|12520|0|77500|0|-750|2395
1199521182|2018-09-20|2018|1040|71050|14950|0|77500|0|-7870|1420
1131383592|2018-06-13|2018|210|82850|11380|0|77500|0|960|4390
1116691860|2018-07-05|2018|2200|73260|7670|0|70000|0|-2280|5540
1175452909|2018-11-03|2018|390|70660|11150|0|70000|0|-1550|2210
1176302130|2018-04-19|2018|2000|54405|2000|0|70000|0|-19190|3595
1196539975|2018-12-11|2018|-390|59130|17450|0|70000|0|-11310|440
1192049358|2018-09-02|2018|170|70250|4480|0|70000|0|0|250
1218329914|2018-03-18|2018|15180|85140|15180|0|70000|0|-1460|16600
1116887857|2018-04-21|2018|4620|72700|4620|0|70000|0|-3290|5990
1128162045|2018-08-10|2018|1380|67245|2830|0|70000|0|-4365|1610
1197834116|2018-07-30|2018|1460|73010|8470|0|70000|0|0|3010
1178448884|2018-06-17|2018|1100|68540|7820|0|70000|0|-2720|1260
1125325083|2018-12-25|2018|650|72640|28180|0|70000|0|-330|2970
1192125927|2018-09-14|2018|550|79830|9570|0|70000|0|710|9120
1111296266|2019-01-13|2018|-590|49460|1780|0|70000|0|-22720|2180
1223819540|2018-07-09|2018|2900|62640|14830|0|70000|0|-9030|1670
1178190022|2018-04-29|2018|2860|77595|11040|0|70000|0|-1750|9345
1190650894|2018-11-22|2018|1220|73520|26260|0|70000|0|1060|2460
1131764942|2018-06-24|2018|-220|89160|7860|0|70000|0|14535|4625
1193583450|2018-09-17|2018|2640|73825|35260|0|70000|0|391|3434
1112549408|2018-07-14|2018|1220|68670|18080|0|70000|0|-5920|4590
1174451933|2018-08-20|2018|2120|74175|11460|0|70000|0|0|4175
1113925158|2018-08-16|2018|440|61150|2140|0|70000|0|-9560|710
1228152650|2018-08-30|2018|5620|73535|16890|0|70000|0|-5110|8645
1185174550|2018-03-14|2018|2500|64365|2120|0|70000|0|-9045|3410
1111155376|2019-01-27|2018|30|56855|2130|0|70000|0|-12775|-370
1188418382|2018-11-25|2018|-520|70850|17560|0|70000|0|-750|1600
1194040052|2018-12-06|2018|1340|59130|8850|0|70000|0|-12900|2030
1186231402|2018-07-07|2018|-180|67340|1940|0|70000|0|-4450|1790
1174440208|2018-11-24|2018|3300|63290|7340|0|70000|0|-10450|3740
1192477391|2018-09-19|2018|860|52715|4920|0|70000|-990|-19830|2545
1176724398|2018-12-06|2018|1660|73950|14830|0|70000|0|2260|1690
1162794939|2018-04-05|2018|5400|77340|5400|0|70000|0|1070|6270
1122489775|2018-11-06|2018|2130|42270|10750|0|62500|0|-22290|2060
1217570095|2018-09-16|2018|3700|48915|14460|0|62500|0|-20025|6440
1175136446|2018-08-24|2018|-1390|54580|9010|0|62500|0|-10240|2320
1183537059|2018-07-09|2018|1930|64830|5910|0|62500|0|0|2330
1246112125|2018-09-22|2018|620|66340|25380|0|62500|0|0|3840
1183412828|2018-07-14|2018|1740|65920|4900|0|62500|0|1060|2360
1179274946|2018-12-05|2018|660|61640|6810|0|62500|0|-2430|1570
1113107866|2018-06-17|2018|380|57085|10270|0|62500|0|-2460|-2955
1174331062|2018-11-14|2018|5160|57905|7160|0|62500|0|-11035|6440
1115006125|2018-12-21|2018|2380|66525|14440|0|62500|0|1605|2420
1142327563|2018-09-03|2018|140|60170|3560|0|62500|0|-3345|1015
1181330006|2018-04-05|2018|-270|63100|210|0|62500|0|-1670|2270
1176906799|2018-06-11|2018|2540|70235|6980|0|62500|0|2950|4785
1113104028|2018-12-27|2018|-300|60550|12540|0|62500|0|-2365|415
1178142832|2018-09-18|2018|840|49790|7980|0|62500|0|-12490|-220
1186938892|2018-09-16|2018|220|62985|12830|0|62500|0|-1290|1775
1124142247|2018-07-27|2018|1340|66420|3980|0|62500|0|2045|1875
1176158089|2018-03-06|2018|-720|59755|-720|0|62500|0|-4010|1265
1181432317|2018-07-29|2018|130|66330|5420|0|62500|0|-135|3965
1131483250|2018-11-14|2018|1400|62510|10550|0|62500|0|-3030|3040
1178978481|2018-07-25|2018|-700|45230|-700|0|62500|0|-16570|-700
1194122570|2018-07-31|2018|620|62990|7580|0|62500|0|-200|690
1199953356|2019-01-15|2018|1980|37070|14000|0|62500|0|-27440|2010
1192440651|2018-12-25|2018|3520|69070|9570|0|62500|0|2540|4030
1201252380|2019-01-17|2018|2440|60270|18000|0|62500|0|-6680|4450
1145280491|2018-06-13|2018|-800|53140|1700|0|62500|0|-11360|2000
1112834501|2019-01-17|2018|-300|59625|6330|0|62500|0|-4685|1810
1175143692|2018-07-31|2018|2400|73605|8070|0|62500|0|990|10115
1188061916|2018-05-16|2018|1870|72195|5670|0|62500|0|7270|2425
1119757299|2018-10-28|2018|-400|53390|8210|0|62500|0|-11700|2590
1174326352|2018-11-16|2018|-440|58140|12410|0|62500|0|-6000|1640
1197930534|2018-03-05|2018|2960|75415|2960|0|62500|0|1730|11185
1176074522|2018-11-28|2018|1320|58420|13080|0|62500|0|-5055|975
1132151405|2018-04-07|2018|1560|60045|4080|0|62500|0|-7850|5395
1175291556|2018-09-06|2018|990|68870|8010|0|62500|0|2130|4240
1201185697|2018-06-07|2018|3440|63980|14480|0|62500|0|-4170|5650
1198550434|2018-07-29|2018|910|59405|6400|0|62500|0|-5205|2110
1136407296|2018-04-05|2018|2650|62265|3150|0|62500|0|-3460|3225
1129151900|2019-01-27|2018|2060|58545|6630|0|62500|0|-7560|3605
1196293301|2018-09-15|2018|-2510|53510|2830|0|62500|0|-8090|-900
1116119683|2018-12-15|2018|1420|113035|16090|0|135000|0|-24325|2360
1175131501|2018-12-16|2018|960|134700|18090|0|135000|0|-1980|1680
1174668567|2018-10-31|2018|620|86970|17300|0|135000|-330|-55300|7270
1175676096|2018-03-16|2018|620|125210|2880|0|135000|0|-14290|4500
1187821840|2018-11-29|2018|2100|129135|16160|0|135000|0|-8880|3015
1117821961|2018-06-13|2018|2980|130915|11100|0|135000|0|-8335|4250
1227217604|2018-10-01|2018|-1400|55230|5050|0|55000|0|-2810|3040
1132962900|2018-07-21|2018|2800|59685|20200|0|55000|0|0|4685
1209427877|2018-03-14|2018|-1000|33210|-1000|0|55000|0|-22740|950
1226463437|2018-09-02|2018|1110|56460|22540|0|55000|0|-1510|2970
1207160845|2018-06-13|2018|1250|54485|1320|0|55000|0|-3435|2920
1179183016|2018-07-11|2018|170|54440|4120|0|55000|0|-2600|2040
1221908806|2018-06-12|2018|280|54110|10800|0|55000|0|-1530|640
1186028248|2018-11-24|2018|1400|53395|4600|0|55000|0|-3200|1595
1176084562|2019-01-23|2018|2740|52835|14600|0|55000|0|-5375|3210
1190631397|2019-01-07|2018|2140|56595|16160|0|55000|0|-3810|5405
1198201383|2019-02-10|2018|1070|58780|26490|0|55000|0|820|2960
1196454946|2018-04-27|2018|-2260|58395|2140|0|55000|0|-825|4220
1172089445|2018-08-07|2018|-90|35550|-150|0|55000|0|-21350|1900
1128939519|2019-02-02|2018|1480|50910|1480|0|55000|0|-5970|1880
1191565450|2018-11-28|2018|1140|55785|15330|0|55000|0|-815|1600
1117441466|2018-11-20|2018|-2630|48360|5380|0|55000|0|-5480|-1160
1133321951|2019-02-10|2018|1800|57155|16440|0|55000|0|-4190|6345
1123526662|2018-10-07|2018|840|69335|11170|0|55000|0|11350|2985
1181506838|2018-07-07|2018|-130|55050|7080|0|55000|0|-930|980
1196777413|2018-07-05|2018|2520|61210|17100|0|55000|0|980|5230
1208800778|2018-10-10|2018|190|74340|17170|0|55000|0|16910|2430
1139365259|2018-04-19|2018|2160|49390|2160|0|55000|0|-8450|2840
1120073794|2018-12-30|2018|380|55570|380|0|55000|0|-770|1340
1223791012|2018-06-12|2018|560|57105|560|0|55000|0|0|2105
1212110978|2018-06-24|2018|680|55640|7540|0|55000|0|-2510|3150
1174653683|2018-03-02|2018|-220|57260|-220|0|55000|0|-1360|3620
1227419954|2018-11-25|2018|210|57285|3400|0|55000|0|765|1520
1164199246|2018-06-13|2018|1060|62220|3240|0|55000|0|5585|1635
1185262604|2018-12-22|2018|2280|58865|6100|0|55000|0|-850|4715
1242114035|2018-07-29|2018|1190|56890|8660|0|55000|0|-1660|3550
1193651660|2018-09-08|2018|1400|42125|1400|0|55000|0|-14275|1400
1188553983|2018-07-28|2018|650|55930|13430|0|55000|0|-1460|2390
1222809686|2019-02-15|2018|560|50130|6170|0|55000|0|-5520|650
1174301738|2018-04-05|2018|1010|54560|1460|0|55000|0|-1570|1130
1222177649|2018-12-05|2018|460|53205|12760|0|55000|0|-3415|1620
1196309791|2018-05-08|2018|1620|59515|6120|0|55000|0|-80|4595
1188503213|2018-06-11|2018|2630|47440|6200|0|55000|0|-11080|3520
1115903880|2019-01-11|2018|130|55420|2330|0|55000|0|-1410|1830
1201734759|2019-02-26|2018|880|57320|22150|0|55000|0|-10|2330
1172200285|2018-06-11|2018|1350|49350|2300|0|55000|0|-9150|3500
1124969368|2019-02-04|2018|710|62470|28350|0|55000|0|2840|4630
1186875112|2018-12-06|2018|920|58200|13380|0|55000|0|1250|1950
1176119632|2018-12-29|2018|920|79375|8980|0|55000|0|20395|3980
1149724125|2018-05-14|2018|1500|57005|4590|0|55000|0|-1605|3610
1114795307|2018-03-18|2018|750|59955|3030|0|55000|0|1690|3265
1208668128|2018-08-09|2018|-1020|46235|1680|0|55000|0|-10305|1540
1176742551|2018-04-13|2018|630|58260|630|0|55000|0|1360|1900
1173413728|2018-10-03|2018|8360|67810|14240|0|55000|0|2480|10330
1174783633|2018-06-12|2018|1700|57985|1700|0|55000|0|355|2630
1130066911|2018-05-06|2018|1140|62505|7580|0|55000|0|-330|7835
1217433129|2018-06-12|2018|560|53705|940|0|55000|0|-2950|1655
1168390351|2018-09-22|2018|310|61240|9330|0|55000|0|4540|1700
1122702056|2018-09-02|2018|620|56755|13400|0|55000|0|-310|2065
1178146057|2018-06-07|2018|2500|125745|7920|0|127500|0|-4620|2865
1167685668|2018-09-14|2018|260|123600|8600|0|127500|0|-7140|3240
1112278110|2018-08-15|2018|3340|124795|24940|0|127500|0|-6005|3300
1130721267|2018-06-13|2018|7680|140730|13380|0|127500|0|5265|7965
1190278551|2018-09-06|2018|720|133545|46450|0|127500|0|-3520|9565
1174083152|2018-04-27|2018|-780|105085|2860|0|127500|0|-23385|970
1177469608|2018-07-20|2018|390|119470|18500|0|127500|0|-13650|5620
1123196915|2018-06-13|2018|1960|107860|5420|0|127500|0|-19105|-535
1174299665|2019-01-15|2018|-360|110860|27510|0|120000|-280|-10330|1190
1111832755|2018-07-01|2018|970|119780|370|0|120000|0|-1995|1775
1206413625|2019-02-24|2018|3040|119310|59980|0|120000|0|-3860|3170
1124130659|2018-11-04|2018|1510|120630|11770|0|120000|0|-3210|3840
1179025674|2018-10-17|2018|270|116590|21920|0|120000|0|-5450|2040
1189501530|2019-02-22|2018|380|103825|34370|0|120000|0|-18685|2510
1217295417|2018-11-15|2018|510|113815|33890|0|120000|0|-9350|3165
1181645597|2018-10-11|2018|1500|103475|10580|0|120000|0|-20175|3650
1174839775|2019-02-16|2018|6780|113815|26350|0|120000|0|-13890|7705
1176770360|2019-02-11|2018|1360|115815|18410|0|112500|0|515|2800
1175194747|2018-12-23|2018|1500|113665|21770|0|112500|0|-2610|3775
1143763852|2018-05-01|2018|260|99740|5160|0|112500|0|-15805|3045
1181560370|2018-07-15|2018|130|111055|6650|0|112500|0|-3655|2210
1173335342|2018-07-30|2018|890|112250|7310|0|112500|0|-1500|1250
1115624836|2018-12-29|2018|5900|109030|5900|0|112500|0|-10270|6800
1173420511|2018-09-28|2018|1320|93795|6760|0|112500|0|-23330|4625
1114928782|2018-04-29|2018|2380|114205|8720|0|112500|0|-5095|6800
1175415156|2018-04-08|2018|2850|93640|4150|0|112500|0|-26820|7960
1174813239|2019-01-27|2018|1100|86545|20100|0|112500|0|-27450|1495
1185277923|2018-10-31|2018|530|75080|9390|0|105000|0|-34010|4090
1175704927|2018-10-21|2018|4400|110380|7800|0|105000|0|-1120|6500
1154412619|2018-03-18|2018|1220|97165|1220|0|105000|-500|-11420|3585
1114404698|2018-10-31|2018|2360|108920|23240|0|105000|0|-2175|6095
1199396027|2018-03-07|2018|-110|97615|2990|0|105000|0|-12785|5400
1131615360|2018-07-05|2018|980|104925|10160|0|105000|0|-4605|4530
1183561510|2018-06-12|2018|1470|96355|1570|0|105000|0|-10635|1990
1187754409|2019-01-06|2018|5260|112370|81740|0|105000|0|855|6515
1196416059|2018-10-03|2018|5000|112890|23150|0|105000|0|-2250|10140
1198567337|2018-10-24|2018|1140|104885|20250|0|105000|0|-2640|2525
1129446003|2018-12-22|2018|-530|91860|20850|0|105000|0|-13140|0
1176755765|2018-11-01|2018|3040|66985|14410|0|105000|0|-36845|-1170
1149362873|2018-12-07|2018|860|105285|10980|0|105000|0|-2075|2360
1190775331|2018-12-21|2018|1160|98245|30520|0|105000|0|-8475|1720
1114051043|2018-07-15|2018|-1040|82100|7800|0|105000|0|-22820|-80
1181444176|2018-10-31|2018|280|99250|15820|0|105000|0|-6600|850
1118818284|2018-05-04|2018|6940|111720|9440|0|105000|0|-3295|10015
1188473425|2018-11-15|2018|750|96240|8450|0|105000|0|-10585|1825
1111863753|2018-06-22|2018|120|88935|120|0|105000|0|-16750|685
1173132757|2018-07-15|2018|160|100070|8520|0|97500|0|0|2570
1195115768|2019-02-19|2018|680|94810|9270|0|97500|0|-3895|1205
1162380417|2018-07-13|2018|1280|96275|14780|0|97500|0|-2885|1660
1175659412|2018-03-15|2018|2280|93670|2280|0|97500|0|-8465|4635
1114428082|2018-06-13|2018|2300|74360|6980|0|97500|0|-26470|3330
1174750606|2018-11-27|2018|1240|87440|9330|0|97500|-280|-12340|2280
1131114748|2018-12-22|2018|2140|100285|2420|0|97500|0|365|2420
1131790056|2018-04-08|2018|-1520|93940|4120|0|97500|0|-8300|4740
1142833615|2018-04-05|2018|3760|100865|5500|0|97500|0|-1050|4415
1222642865|2018-04-05|2018|4340|101480|4340|0|97500|0|-540|4520
1186087026|2018-11-09|2018|640|100065|13620|0|97500|0|60|2505
1174445204|2018-12-23|2018|380|95170|18620|0|97500|0|-3410|1080
1208255342|2019-02-10|2018|2200|100044|29034|0|97500|0|-1400|3944
1116321702|2018-09-20|2018|2600|101030|15410|0|97500|0|60|3470
1179363715|2018-08-25|2018|-1760|96205|7180|0|97500|0|-3075|1780
1175513807|2018-10-18|2018|1880|93780|7500|0|97500|0|-8915|5195
1195460071|2019-02-17|2018|1890|95820|12290|0|97500|0|-4230|2550
1123076295|2018-12-16|2018|650|92240|11370|0|97500|0|-7010|1750
1169862125|2018-12-01|2018|2000|100515|12260|0|97500|0|0|3015
1139054401|2018-12-31|2018|1460|97490|20560|0|97500|0|-3345|3335
1211949817|2018-04-05|2018|1780|93310|1780|0|90000|0|-795|4105
1116192207|2018-08-17|2018|1100|88650|5380|0|90000|0|-5350|4000
1193648067|2018-07-28|2018|1720|93305|14060|0|90000|0|-1560|4865
1111191234|2019-01-27|2018|-810|90620|15150|0|90000|0|-2930|3550
1181340386|2018-03-01|2018|40|88250|40|0|90000|0|-2440|690
1112484283|2018-04-11|2018|580|69175|4520|0|90000|0|-23215|2390
1220733241|2018-06-21|2018|1380|92745|8210|0|90000|0|-1320|4065
1118499020|2018-11-24|2018|-1040|70490|11440|0|90000|0|-9955|-9555
1173755600|2018-11-10|2018|1560|90235|17190|0|90000|0|-3570|3805
1195158582|2018-06-29|2018|-120|74440|5020|0|90000|0|-15720|160
1220915635|2019-01-11|2018|680|90430|22340|0|90000|0|-4945|5375
1236210322|2018-10-13|2018|840|74510|33020|0|90000|0|-17950|2460
1174454843|2018-11-06|2018|1440|89117|3200|0|90000|0|-3700|2817
1198901855|2018-07-28|2018|520|91610|1950|0|90000|0|-870|2480
1119197220|2018-11-19|2018|610|88255|13460|0|90000|0|-2875|1130
1113311599|2018-12-11|2018|-2440|72110|6780|0|90000|0|-17380|-510
1177663454|2018-06-13|2018|2230|90810|11900|0|90000|0|-3620|4430
1173985788|2018-06-12|2018|1080|90290|1080|0|90000|0|-1740|2030
1172127903|2018-11-22|2018|5000|86870|9740|0|90000|0|-8510|5380
1189278399|2018-04-05|2018|3040|94420|4800|0|90000|0|-945|5365
1122351301|2018-12-05|2018|1380|100855|18770|0|90000|0|7605|3250
1110607779|2019-01-09|2018|-1580|93730|12140|0|90000|0|1245|2485
1174361376|2018-03-09|2018|1140|95000|1700|0|90000|0|-1155|6155
1194371219|2018-04-09|2018|90|72950|650|0|90000|0|-17430|380
1209805296|2018-11-26|2018|620|82515|26870|0|90000|0|-11255|3770
1183473486|2019-01-29|2018|-1070|79275|14060|0|82500|0|-4785|1560
1187766596|2018-07-21|2018|2360|83670|15820|0|82500|0|-2135|3305
1190708331|2018-07-27|2018|1460|76225|13680|0|82500|-315|-12615|6340
1146332771|2018-12-13|2018|2840|79290|14060|0|82500|0|-8425|5215
1119437270|2018-04-22|2018|-1520|51720|40|0|82500|0|-25440|-5340
1188997122|2019-02-25|2018|940|59190|8100|0|82500|0|-25410|2100
1221902367|2018-06-12|2018|5650|98275|17220|0|82500|0|9850|5925
1116827100|2019-02-19|2018|740|80505|24550|0|82500|0|-8565|6570
1117868747|2018-10-07|2018|780|83800|6720|0|82500|0|-580|1880
1174359773|2018-11-20|2018|80|69595|3790|0|82500|0|-14035|1130
1120058453|2018-12-27|2018|540|75350|10420|0|82500|0|-8730|1580
1227891149|2019-01-08|2018|1560|65700|15540|0|82500|0|-18995|2195
1177472150|2018-08-08|2018|870|83310|11890|0|82500|0|-2440|3250
1160346204|2018-11-18|2018|1160|82285|12910|0|82500|0|-3820|3605
1113037821|2018-09-28|2018|1400|81530|4500|0|82500|0|-4780|3810
1205131021|2019-01-24|2018|1880|86655|30440|0|82500|0|0|4155
1174300089|2018-04-20|2018|3160|92715|8300|0|82500|0|6180|4035
1229922095|2018-10-30|2018|260|87460|32220|0|82500|0|-1900|6860
1181429788|2018-07-27|2018|1140|85870|6900|0|82500|0|0|3370
1185289921|2018-12-15|2018|2850|84470|17830|0|82500|0|-3790|5760
1118621469|2019-01-29|2018|10000|93930|22400|0|82500|0|-695|12125
1146007748|2018-12-08|2018|580|87000|11550|0|82500|0|2280|2220
1134830942|2018-06-12|2018|490|75400|2510|0|82500|0|-8190|1090
1200931376|2018-09-11|2018|3220|77580|8220|0|75000|0|-2715|5295
1176143002|2018-11-03|2018|1500|69700|25820|0|75000|0|-13680|8380
1204529510|2018-10-11|2018|-670|50410|780|0|75000|0|-23950|-640
1206751114|2018-10-14|2018|1600|78965|22740|0|75000|0|1355|2610
1124568496|2018-08-28|2018|660|62455|5870|0|75000|0|-14140|1595
1117205778|2018-08-26|2018|2200|76185|7640|0|75000|0|-3815|5000
1219090959|2018-07-01|2018|2700|82260|16560|0|75000|0|-150|7410
1146991029|2018-12-12|2018|160|79540|13800|0|75000|0|2250|2290
1188056073|2018-12-14|2018|1400|72605|5030|0|75000|0|-4330|1935
1112604112|2018-09-21|2018|3220|76420|5320|0|75000|0|-3210|4630
1139047672|2018-07-18|2018|560|71580|3680|0|75000|0|-4330|910
1139545539|2018-11-13|2018|410|77835|18790|0|75000|0|30|2805
1122326408|2018-10-13|2018|960|63750|11750|0|75000|0|-14620|3370
1175339526|2019-02-24|2018|530|69685|10850|0|75000|0|-7765|2450
1129490285|2018-04-11|2018|1350|67595|1350|0|75000|0|-9235|1830
1114734542|2019-01-16|2018|80|70705|26460|0|75000|0|-6625|2330
1114072612|2018-06-16|2018|1720|58900|5020|0|75000|0|-18760|2660
1207825389|2019-02-10|2018|1180|73105|18160|0|75000|0|-4560|2665
1115614480|2018-10-08|2018|1400|69505|6820|0|75000|0|-7720|2225
1175199374|2018-06-07|2018|1490|71980|2980|0|75000|0|-7230|4210
1231003692|2018-10-07|2018|980|78810|31830|0|75000|0|-890|4700
1194174970|2019-02-21|2018|2040|79690|33175|0|75000|0|1611|3079
1176598857|2018-10-23|2018|-580|72915|11380|0|75000|0|-2570|485
1179019317|2018-03-05|2018|1180|69340|1180|0|75000|0|-7530|1870
1206465088|2018-03-02|2018|1460|65900|1460|0|75000|0|-13220|4120
1195193365|2018-06-28|2018|1140|78140|7230|0|75000|0|396|2744
1194316827|2018-06-13|2018|4300|79300|20400|0|75000|0|-1605|5905
1114788316|2018-12-13|2018|570|57850|720|0|75000|0|-17720|570
1113046853|2018-11-13|2018|920|69620|8170|0|75000|0|-6950|1570
1175376169|2018-04-05|2018|530|67970|530|0|67500|0|-2025|2495
1194350732|2018-07-08|2018|-1080|57335|6420|0|67500|0|-14975|4810
1198156124|2018-07-01|2018|460|67805|1790|0|67500|0|-1785|2090
1171700984|2018-05-08|2018|2740|84370|13460|0|67500|0|1315|15555
1169858573|2018-11-13|2018|4260|46645|5840|0|67500|0|-25535|4680
1181412711|2018-10-09|2018|10580|78335|15460|0|67500|0|205|10630
1186868353|2018-06-28|2018|3780|70905|6910|0|67500|0|-870|4275
1115295832|2018-08-21|2018|-1200|52990|21500|0|67500|0|-16025|1515
1176826373|2018-08-20|2018|1860|62460|3220|0|67500|0|-8735|3695
1219180960|2018-07-10|2018|530|62560|530|0|67500|0|-5550|610
1208472818|2018-06-30|2018|270|69790|1960|0|67500|0|0|2290
1177672999|2018-07-20|2018|580|64540|13190|0|67500|0|-5840|2880
1119405043|2018-12-23|2018|910|54020|14450|0|67500|0|-15860|2380
1132778637|2018-08-15|2018|2480|66665|19830|0|67500|0|-5520|4685
1114357639|2018-05-16|2018|1860|74250|3180|0|67500|0|3795|2955
1192616876|2018-04-05|2018|1420|68060|7200|0|67500|0|-5905|6465
1215070547|2018-10-03|2018|5000|53490|5000|0|67500|0|-20245|6235
1180689339|2019-01-07|2018|1960|65250|23340|0|67500|0|-6720|4470
1181404805|2018-06-07|2018|3700|70125|7860|0|67500|0|-1815|4440
1161385122|2018-06-16|2018|890|61045|890|0|67500|0|-7175|720
1122660033|2018-12-14|2018|60|62505|13820|0|67500|0|-6475|1480
1194028042|2018-09-01|2018|7120|75375|13720|0|67500|0|-880|8755
1178477130|2018-07-30|2018|2320|67270|4380|0|67500|0|-3635|3405
1179297986|2018-12-09|2018|1340|68900|11620|0|67500|0|-200|1600
1121041013|2018-12-30|2018|-60|52225|9630|0|67500|0|-14700|-575
1110548071|2019-01-11|2018|440|68430|14560|0|67500|0|-5340|6270
1175788847|2018-09-09|2018|1700|68015|10530|0|67500|0|-9975|10490
1174320188|2018-07-09|2018|1350|68700|4760|0|67500|0|-1710|2910
1121305994|2018-04-28|2018|1140|77345|-1800|0|67500|0|7835|2010
1115126007|2018-04-04|2018|1690|70165|2530|0|67500|0|-455|3120
1175702690|2019-02-27|2018|940|65640|10910|0|67500|0|-5170|3310
1113931890|2018-12-15|2018|50|70720|50|0|67500|0|3170|50
1115656677|2018-05-02|2018|2020|73690|2020|0|67500|0|2345|3845
1126648624|2018-09-22|2018|-1880|69895|7880|0|67500|0|-630|3025
1117917318|2018-03-04|2018|1720|64320|1720|0|67500|0|-5130|1950
1160593944|2018-12-24|2018|640|142315|19430|0|140000|0|1360|955
1174244416|2018-10-05|2018|880|136685|7920|0|140000|0|-11235|7920
1123270562|2018-10-26|2018|-2360|133670|2760|0|140000|1185|-8750|2420
1216845079|2019-01-11|2018|-860|135710|47100|0|140000|0|-4730|440
1121035593|2018-06-12|2018|2360|113160|4360|0|140000|0|-29645|2805
1179053363|2018-11-11|2018|330|126340|19470|0|140000|0|-14180|520
1113516296|2018-12-12|2018|80|118380|5600|0|140000|0|-22720|1100
1118509138|2018-05-16|2018|2120|122490|1820|0|140000|0|-21465|3955
1114454832|2019-01-01|2018|-1480|133500|34240|0|140000|0|-5035|-1465
1117554377|2018-11-30|2018|140|139640|14200|0|140000|0|-990|630
1121917595|2018-04-22|2018|-1920|48095|1320|0|60000|0|-14595|2690
1187133672|2018-04-05|2018|210|61560|1420|0|60000|0|-140|1700
1110724185|2018-11-15|2018|1960|54970|13840|0|60000|0|-14790|9760
1134735834|2018-12-10|2018|1460|100785|33180|0|60000|0|38820|1965
1110754562|2018-05-07|2018|-840|53765|5130|0|60000|0|-9520|3285
1181834132|2018-04-04|2018|-460|59470|1620|0|60000|0|-3675|3145
1194944449|2018-05-16|2018|1360|63340|1360|0|60000|0|-460|3800
1191973013|2018-04-21|2018|-350|69940|3830|0|60000|0|5910|4030
1237339987|2019-02-10|2018|-820|56950|13400|0|60000|0|-3075|25
1185851666|2018-07-17|2018|720|59855|6900|0|60000|0|-1115|970
1124362176|2018-12-22|2018|680|54205|5660|0|60000|0|-6710|915
1205170920|2018-11-04|2018|-1500|25180|6000|0|60000|0|-38050|3230
1158005487|2019-01-01|2018|840|57215|11060|0|60000|-210|-10945|8160
1181807697|2018-07-07|2018|380|53670|3230|0|60000|0|-6890|560
1176041310|2018-07-11|2018|5860|63625|12320|0|60000|0|-3435|7060
1208397137|2018-12-20|2018|2130|61570|4840|0|60000|0|-1450|3020
1215991879|2018-09-12|2018|1280|63205|12910|0|60000|0|485|2720
1199100873|2018-03-04|2018|1360|63095|1360|0|60000|0|-225|3320
1174391650|2018-03-05|2018|5100|66495|5100|0|60000|0|-185|6680
1183442811|2018-10-29|2018|290|60665|14070|0|60000|0|-2090|2755
1181384717|2018-12-23|2018|3060|56640|7640|0|60000|0|-10240|6880
1176920789|2019-01-04|2018|7110|63620|18180|0|60000|0|-7520|11140
1175186632|2019-01-13|2018|-60|56350|4080|0|60000|0|-3690|40
1115990569|2018-09-16|2018|1030|62895|11030|0|60000|0|1835|1060
1197949016|2018-09-04|2018|720|63170|4540|0|60000|0|350|2820
1176742556|2018-07-05|2018|740|57030|1330|0|60000|0|-4585|1615
1169303856|2018-09-18|2018|320|59150|780|0|60000|0|-3360|2510
1198626665|2018-10-18|2018|2040|56410|9080|0|60000|0|-8120|4530
1131476118|2018-10-14|2018|1940|78265|11040|0|60000|0|15015|3250
1118017642|2019-02-19|2018|440|70360|30090|0|60000|0|9220|1140
1176907933|2018-06-12|2018|340|58020|1740|0|60000|0|-2370|390
1176304068|2018-11-28|2018|-30|57460|11170|0|60000|0|-4200|1660
1140635284|2018-10-01|2018|1130|53970|9210|0|60000|0|-8720|2690
1114147056|2018-07-17|2018|320|60160|2290|0|60000|0|-860|1020
1162599312|2018-11-28|2018|1500|63840|22300|0|60000|0|1330|2510
1195268246|2018-10-09|2018|920|59630|5400|0|60000|0|-1900|1530
1157786552|2019-02-25|2018|-850|66915|22560|0|60000|0|4355|2560
1224482490|2018-03-09|2018|940|61640|940|0|60000|0|0|1640
1172890058|2019-02-17|2018|380|60410|14720|0|60000|0|-370|780
1175749883|2018-12-12|2018|5980|69040|10440|0|60000|0|2060|6980
1110927037|2018-04-20|2018|1340|63215|2040|0|60000|0|1770|1445
1185060162|2018-11-27|2018|140|60066|25466|0|60000|0|-2300|2366
1212014632|2018-06-24|2018|1680|64145|11920|0|60000|0|940|3205
1167929135|2019-02-13|2018|220|130080|30900|0|132500|0|-4870|2450
1126907740|2018-11-17|2018|1780|111330|15130|0|132500|0|-24235|3065
1195496394|2019-02-01|2018|-390|120200|27590|0|132500|0|-23540|11240
1163126639|2018-10-08|2018|-5100|118745|26570|0|132500|0|-13835|80
1178458348|2018-08-30|2018|1380|126310|25680|0|132500|0|-8270|2080
1117429157|2018-04-22|2018|-3420|105475|4080|0|132500|0|-29030|2005
1111224156|2018-12-14|2018|390|132815|15170|0|132500|0|-370|685
1112315443|2018-08-09|2018|3040|142785|18960|0|132500|0|4980|5305
1110850677|2019-01-18|2018|1960|128050|26740|0|132500|0|-7565|3115
1132627504|2018-12-25|2018|20|133525|4740|0|132500|0|-60|1085
1110475817|2019-02-08|2018|3000|122515|33100|0|132500|0|-13290|3305
1111625903|2018-05-02|2018|-1580|63675|400|0|132500|0|-69590|765
1200712186|2018-11-16|2018|580|94010|38580|0|132500|0|-40250|1760
1188976577|2018-11-24|2018|-100|50790|5720|0|52500|0|-2265|555
1217594181|2018-04-05|2018|6000|98350|6000|0|52500|0|38145|7705
1118792188|2018-06-12|2018|890|52405|2800|0|52500|0|-2390|2295
1131809080|2018-06-30|2018|-200|41140|1680|0|52500|0|-14260|2900
1194171619|2018-06-07|2018|1400|52880|2800|0|52500|0|-1780|2160
1186188283|2018-09-28|2018|390|51320|390|0|52500|0|-2070|890
1217300192|2018-03-19|2018|3060|57830|6710|0|52500|0|-1395|6725
1176736818|2018-03-06|2018|-360|53300|-360|0|52500|0|-2330|3130
1187572013|2018-07-20|2018|850|45650|1690|0|52500|0|-8330|1480
1198104979|2018-05-02|2018|-640|59130|5830|0|52500|0|-165|6795
1189396790|2018-10-25|2018|1200|54440|12900|0|52500|0|445|1495
1185462149|2018-12-06|2018|690|54880|10380|0|52500|0|-2430|4810
1220376403|2018-12-02|2018|390|55760|13230|0|52500|0|0|3260
1196112452|2018-10-18|2018|-410|51720|15260|0|52500|0|-1760|980
1181910982|2018-12-14|2018|-820|42105|11540|0|52500|0|-16895|6500
1216867543|2018-12-08|2018|-1660|52525|14840|0|52500|0|-3665|3690
1111628981|2018-11-25|2018|1880|49895|15680|0|52500|0|-5345|2740
1175747493|2018-11-16|2018|-1920|40820|720|0|52500|0|-9900|-1780
1174363969|2018-07-31|2018|880|55820|6140|0|52500|0|1970|1350
1188472333|2019-02-08|2018|1200|53275|1650|0|52500|0|-875|1650
1176845717|2018-08-12|2018|2170|57050|15640|0|52500|0|630|3920
1131324885|2018-12-29|2018|-1060|52005|1920|0|52500|0|-1375|880
1234522111|2018-12-21|2018|3140|56405|25960|0|52500|0|-1540|5445
1126958627|2019-02-23|2018|-1060|45640|7130|0|52500|0|-7080|220
1183411764|2018-06-20|2018|-1500|32835|4180|0|52500|0|-19285|-380
1172764600|2018-06-11|2018|2980|160930|9860|0|52500|0|103290|5140
1174514220|2018-08-10|2018|1110|55300|5890|0|52500|0|-410|3210
1112232633|2018-03-01|2018|-3540|57515|-3540|0|52500|0|7125|-2110
1205381534|2018-08-27|2018|1080|54955|9610|0|52500|0|445|2010
1216775090|2018-04-04|2018|3740|58420|3740|0|52500|0|1180|4740
1186903432|2018-12-14|2018|1600|50360|7940|0|52500|0|-5080|2940
1207687940|2018-06-14|2018|660|53995|4580|0|52500|0|-585|2080
1175472629|2018-07-09|2018|1170|44300|5220|0|52500|0|-10380|2180
1169106423|2019-02-10|2018|-210|48930|5150|0|52500|0|-4290|720
1208325781|2018-06-30|2018|7000|56450|7000|0|52500|0|-3180|7130
1185089683|2018-04-04|2018|4470|61070|13730|0|52500|0|-5290|13860
1110460151|2019-01-05|2018|990|70600|20670|0|52500|0|12260|5840
1181540293|2019-02-14|2018|-2920|36885|17310|0|52500|0|-12925|-2690
1223773950|2018-04-28|2018|5260|55980|6460|0|52500|0|-2995|6475
1190729660|2018-03-18|2018|690|53810|1810|0|52500|0|-410|1720
1128919506|2018-12-03|2018|-520|51385|2700|0|52500|0|-2045|930
1119960310|2018-07-14|2018|370|53535|13620|0|52500|0|-1565|2600
1176828788|2019-02-20|2018|870|53450|11520|0|52500|0|-1930|2880
1194317413|2018-10-05|2018|2760|47360|7750|0|52500|0|-8780|3640
1111639318|2018-07-06|2018|1400|104755|72220|0|52500|0|1380|50875
1130289806|2018-04-17|2018|1200|48690|4600|0|52500|0|-5475|1665
1126436486|2018-12-27|2018|1040|55980|5120|0|52500|0|325|3155
1176561109|2018-12-31|2018|920|120645|10810|0|125000|0|-6300|1945
1118805605|2018-12-29|2018|1400|122475|18630|0|125000|0|-6870|4345
1111451626|2018-08-07|2018|7900|88845|14420|0|125000|0|-44190|8035
1185212961|2018-08-13|2018|1920|119950|11880|0|125000|0|-6750|1700
1176829078|2018-07-06|2018|-540|117230|9790|0|125000|0|-14125|6355
1130168903|2019-02-11|2018|1540|126035|8250|0|125000|0|-1820|2855
1198117491|2018-12-22|2018|640|109825|39360|0|125000|0|-18560|3385
1238594992|2018-12-29|2018|2280|127605|69510|0|125000|0|-2035|4640
1187390420|2018-12-27|2018|580|125240|11700|0|125000|0|-2470|2710
1186233900|2018-08-10|2018|120|102525|14930|0|125000|0|-23975|1500
1226098507|2018-09-04|2018|1180|103595|37020|0|125000|-640|-29615|8210
1124294107|2018-09-02|2018|1180|105835|8160|0|117500|0|-13190|1525
1140840931|2018-08-08|2018|1010|110720|2070|0|117500|0|-8110|1330
1181941146|2018-06-25|2018|460|111960|590|0|117500|0|-6610|1070
1115352770|2018-11-28|2018|3000|107670|13780|0|117500|0|-15000|5170
1195756809|2018-12-04|2018|3140|124070|47070|0|117500|0|1340|5230
1188358101|2018-06-25|2018|1080|118190|12350|0|117500|0|-2600|3290
1113735287|2018-04-07|2018|-780|116620|2970|0|117500|0|-5385|4505
1232702724|2019-01-17|2018|2260|69480|26560|0|117500|0|-51435|3415
1195789638|2018-12-02|2018|-3160|82295|25580|0|117500|0|-34540|-665
1113940929|2018-04-29|2018|2630|120690|3730|0|117500|0|-885|4075
1111831907|2018-09-16|2018|2900|120780|2970|0|117500|0|-1800|5080
1190509913|2018-08-26|2018|1460|121255|25600|0|117500|0|0|3755
1119582360|2018-10-31|2018|1560|151085|68720|0|117500|0|31135|2450
1138004507|2018-04-04|2018|780|100825|2820|0|117500|0|-19915|3240
1205197703|2018-12-16|2018|920|81455|5660|0|117500|0|-37600|1555
1175857653|2018-04-07|2018|770|105665|770|0|110000|0|-7280|2945
1173849700|2018-06-13|2018|-470|79320|4120|0|110000|0|-31930|1250
1174276383|2018-06-13|2018|650|103205|4450|0|110000|0|-7950|1155
1187788036|2018-10-13|2018|3140|103110|25840|0|110000|0|-15860|8970
1209159121|2018-06-12|2018|1760|111430|8780|0|110000|0|-3540|4970
1176936917|2018-06-11|2018|50|108920|4460|0|110000|0|-2090|1010
1194812822|2018-10-27|2018|3080|110585|11720|0|110000|0|-3290|3875
1176159992|2018-04-28|2018|1740|111305|2500|0|110000|0|-2375|3680
1150103729|2018-08-12|2018|2700|99380|7740|0|102500|0|-7530|4410
1121026602|2018-12-15|2018|-1520|88715|6230|0|102500|0|-13695|-90
1203410009|2018-08-31|2018|3100|88920|18260|0|102500|0|-16840|3260
1129958070|2018-05-04|2018|1020|108765|6720|0|102500|0|-140|6405
1131878449|2019-01-08|2018|340|88165|6750|0|95000|0|-8620|1785
1186227989|2018-08-07|2018|-510|50335|14650|0|95000|0|-45765|1100
1125938992|2018-11-22|2018|820|89750|5720|0|95000|0|-8250|3000
1213738355|2018-08-29|2018|3060|84565|35860|0|95000|0|-15450|5015
1187775744|2019-02-20|2018|380|92635|10920|0|95000|0|-4170|1805
1221858775|2018-12-14|2018|10460|111255|44460|0|95000|0|4645|11610
1192198301|2018-12-30|2018|2260|95600|18540|0|95000|0|-1755|2355
1187632562|2018-12-15|2018|860|74885|13180|0|95000|0|-21270|1155
1176339098|2018-04-26|2018|-1540|100370|1200|0|95000|0|2020|3350
1196219346|2019-01-28|2018|880|87135|25470|0|95000|0|-11180|3315
1118088806|2019-01-18|2018|1220|85540|24920|0|95000|0|-12585|3125
1175735051|2018-05-04|2018|440|60895|-3600|0|95000|0|-40435|6330
1178569598|2018-08-26|2018|4460|91730|25460|0|95000|0|-7855|4585
1216823551|2018-07-13|2018|780|89815|12910|0|95000|0|-9110|3925
1176959622|2018-04-08|2018|-1540|93715|3760|0|95000|0|-90|-1195
1188158766|2018-12-05|2018|-900|72665|4260|0|95000|0|-22405|70
1173174769|2018-06-13|2018|330|95660|2370|0|95000|0|-340|1000
1210899992|2019-01-02|2018|1510|90880|10330|0|87500|0|-570|3950
1154587334|2018-07-04|2018|1240|86190|8140|0|87500|0|-6015|4705
1120759212|2018-11-01|2018|320|71740|6760|0|87500|0|-20120|4360
1188391207|2018-11-17|2018|40|84395|6360|0|87500|0|-5025|1920
1176298194|2019-02-07|2018|-900|75420|8530|0|87500|0|-16290|4210
1176876267|2018-06-12|2018|-1490|85490|13150|0|87500|0|-2370|360
1123938517|2018-12-01|2018|760|81495|49520|0|87500|0|-6445|440
1174295967|2018-12-29|2018|620|85545|6170|0|87500|0|-3105|1150
1128934566|2018-12-30|2018|590|69695|6390|0|87500|0|-21805|4000
1228988427|2018-07-08|2018|260|84725|6520|0|87500|0|-5435|2660
1174545388|2018-09-09|2018|860|90540|8500|0|87500|0|-4105|7145
1227449977|2019-01-24|2018|720|89375|51750|0|87500|0|-1000|2875
1178539468|2018-08-09|2018|2140|91095|32410|0|87500|0|970|2625
1225766970|2018-09-18|2018|1440|80090|19200|0|87500|0|-8945|1535
1196740764|2018-10-12|2018|280|79925|1210|0|87500|0|-8090|515
1174299191|2018-11-22|2018|3680|156000|20170|0|160000|0|-8840|4840
1112801431|2018-04-05|2018|3160|151815|3160|0|160000|0|-11615|3430
1113569996|2018-06-07|2018|1990|133740|4940|0|160000|0|-30295|4035
1175848629|2018-06-23|2018|-1970|107410|-2130|0|160000|0|-51280|-1310
1170636951|2018-12-23|2018|1830|248520|63290|0|240000|-175|5085|3435
1188211239|2019-01-04|2018|2060|192685|27070|0|240000|0|-53095|5780
1187806059|2018-08-15|2018|2120|152265|14290|0|152500|0|-4170|3935
1167975693|2018-08-07|2018|1020|133770|9040|0|152500|0|-20575|1845
1126638083|2018-11-03|2018|160|151470|14510|0|152500|0|-4165|3135
1116834110|2018-10-26|2018|-1400|132615|21630|0|152500|0|-23785|3900
1224483516|2018-03-15|2018|880|126445|950|0|152500|0|-28445|2390
1175713871|2019-01-24|2018|3080|149880|6260|0|152500|0|-7380|4760
1126462120|2018-09-12|2018|-400|144725|4540|0|152500|0|-7520|-255
1114047570|2018-11-10|2018|980|141825|28280|0|152500|0|-14255|3580
1130058389|2019-01-17|2018|-1600|125360|33450|0|152500|0|-30295|3155
1192174918|2018-03-18|2018|720|150350|7340|0|152500|0|-5775|3625
1138004507|2018-09-26|2018|2020|134405|36400|0|152500|0|-21095|3000
1112269493|2018-11-09|2018|1120|131645|14450|0|152500|0|-23760|2905
1174237225|2019-01-22|2018|580|199895|20540|0|225000|0|-27770|2665
1125378624|2018-10-23|2018|-2200|91415|18230|0|225000|0|-136335|2750
1193650972|2018-06-23|2018|-2060|221545|15120|0|225000|0|-8480|5025
1198514245|2018-06-18|2018|-1630|93010|9250|0|145000|0|-51780|-210
1112403354|2018-08-31|2018|680|105930|7770|0|145000|0|-42265|3195
1114504043|2018-07-26|2018|2720|146050|18460|0|145000|0|-7485|8535
1169604777|2018-12-20|2018|1030|142825|10640|0|145000|0|-3090|915
1112556808|2019-01-31|2018|640|194400|25100|0|305000|0|-101950|-8650
1137859449|2018-03-04|2018|1130|140915|1250|0|217500|0|-80505|3920
1113157255|2018-11-06|2018|6400|196370|17640|0|217500|0|-29300|8170
1117485870|2019-01-05|2018|5870|215715|45570|0|217500|0|-14990|13205
1176162521|2018-12-24|2018|7040|379095|98740|0|377500|0|-7770|9365
1175293916|2018-11-26|2018|-6400|282355|24400|0|377500|0|-90545|-4600
1175601606|2018-07-12|2018|60|230595|19530|0|297500|0|-67035|130
1196223466|2018-12-25|2018|2690|453225|61710|0|450000|0|-900|4125
1174873994|2018-07-07|2018|2450|216430|16930|0|210000|0|2640|3790
1130021277|2018-06-12|2018|2080|287665|6510|0|370000|0|-85980|3645
1111024514|2019-01-03|2018|190|196940|190|0|202500|0|-5850|290
1195344817|2018-06-13|2018|1240|195760|11540|0|202500|0|-10265|3525
1132489853|2018-04-13|2018|-3600|196220|-3050|0|202500|-160|-1340|-4940
1168110034|2018-07-07|2018|320|117580|2400|0|202500|0|-86615|1695
1114574193|2018-10-31|2018|320|196405|22620|0|202500|0|-7140|1045
1210550932|2018-06-23|2018|2660|205975|15120|0|202500|0|-30|3505
1220336888|2018-10-10|2018|1300|198575|36900|0|195000|0|0|3575
1113262801|2018-03-09|2018|1600|176390|1600|0|195000|0|-20855|2245
1196736539|2019-02-16|2018|4600|500555|114410|0|755000|0|-260635|6190
1134471414|2018-09-06|2018|1440|193010|19830|0|347500|0|-158730|4240
1174226219|2018-12-04|2018|840|235220|19880|0|267500|0|-28005|-4275
1134794389|2018-05-16|2018|540|137990|3920|0|180000|0|-35085|-6925
1118811697|2018-10-15|2018|10780|187060|18250|0|180000|0|-8580|15640
1188155842|2018-12-22|2018|3260|180505|58420|0|180000|0|-4835|5340
1178526731|2018-07-29|2018|-2580|243765|38130|0|260000|0|-13940|-2295
1110717397|2018-09-16|2018|-2300|165760|27780|0|260000|0|-92580|-1660
1113992765|2018-12-24|2018|2200|175035|20030|0|172500|0|-2220|4755
1175784643|2018-04-11|2018|-920|150855|4920|0|172500|0|-22035|390
1192171604|2018-04-08|2018|-1200|146540|5920|0|172500|0|-32745|6785
1176184184|2018-07-19|2018|1160|171605|17620|0|172500|0|-2565|1670
1133433788|2018-05-02|2018|-280|153395|4060|0|172500|0|-26050|6945
1123263279|2018-04-04|2018|1060|175095|1060|0|172500|0|-600|3195
1154095604|2018-11-26|2018|2260|175410|52590|0|172500|0|-750|3660
1111838292|2018-07-17|2018|3120|264795|9970|0|332500|0|-72570|4865
1181767715|2018-06-26|2018|1020|443285|36940|0|492500|0|-51595|2380
1209885348|2019-01-17|2018|780|163190|24940|0|165000|0|-5400|3590
1131527469|2019-01-04|2018|7180|228905|49500|0|245000|0|-25390|9295
1131562421|2018-12-07|2018|1460|239250|94260|0|245000|0|-7430|1680
1176341158|2018-05-16|2018|2700|238645|5000|0|237500|0|-2840|3985
1110737366|2019-01-22|2018|230|95730|19210|0|157500|0|-62660|890
1130600388|2018-09-09|2018|-360|114980|10230|0|157500|0|-43940|1420
1120204943|2018-06-23|2018|-600|138125|4160|0|157500|0|-20110|735
1149202658|2019-02-03|2018|1500|129670|59270|0|157500|0|-28260|430
1117096306|2019-02-11|2018|1320|146890|6210|0|157500|0|-14320|3710
1187802155|2018-06-12|2018|3200|147330|4580|0|157500|0|-14450|4280
1110599856|2018-05-02|2018|1020|294485|11860|0|317500|0|-30945|7930
1112535611|2018-06-12|2018|-640|223600|19760|0|230000|0|-6920|520
1185275802|2018-12-02|2018|4580|151625|4600|0|150000|0|-155|1780
1116098523|2018-11-20|2018|1260|143090|21460|0|150000|0|-9265|2355
1173120440|2018-08-14|2018|-960|91765|6770|0|150000|0|-58020|-215
1238831546|2018-04-30|2018|1020|155530|7330|0|150000|0|-640|6170
1175847871|2018-03-09|2018|320|145285|320|0|150000|0|-6035|1320
1118113067|2018-06-20|2018|330|86340|9450|0|150000|0|-65210|1550
1174658515|2018-12-17|2018|540|134060|24920|0|150000|0|-17970|2030
1126781793|2019-01-03|2018|580|122765|41080|0|150000|0|-32740|5505
1176257007|2018-08-30|2018|540|148665|33100|0|150000|0|-4485|3150
1174119583|2018-12-06|2018|580|133600|25170|0|150000|0|-19155|2755
1175438754|2018-05-08|2018|1620|154410|4820|0|150000|0|-1000|5410
1162447828|2018-11-26|2018|2060|151090|71820|0|150000|0|-1520|2610
1175750636|2018-04-04|2018|-600|127310|-800|0|150000|0|-22435|-255
1165596229|2018-07-12|2018|280|310000|25940|0|310000|0|-1280|1280
1194006191|2018-12-31|2018|-2380|283700|40200|0|302500|0|-18410|-390
1112411171|2018-08-10|2018|520|181145|18790|0|222500|0|-43930|2575
1186803453|2019-02-02|2018|750|159910|24460|0|142500|0|16005|1405
1177770562|2018-10-21|2018|2610|131520|25670|0|142500|0|-16390|5410
1110616649|2018-06-11|2018|320|166665|1300|0|142500|0|21910|2255
1112209787|2018-03-16|2018|1120|141425|5140|0|142500|0|-2595|1520
1190865662|2018-07-14|2018|840|142115|23940|0|142500|0|-1735|1350
1163176666|2018-12-16|2018|2700|138635|20920|0|142500|0|-6725|2860
1175288984|2018-12-30|2018|620|130930|19960|0|142500|0|-20230|8660
1198807967|2019-01-29|2018|980|128945|18240|0|142500|0|-14735|1180
1205193041|2018-09-17|2018|-1340|298425|40160|0|295000|0|3800|-375
1116185146|2018-08-29|2018|2540|195265|4660|0|215000|0|-24580|4845
1238193237|2019-02-13|2018|19260|468130|320270|0|447500|0|0|20630
1131070397|2018-11-16|2018|960|443925|58000|0|447500|0|-7680|4105
1110887962|2018-04-05|2018|1980|167310|1980|0|207500|0|-43250|3060
1117189788|2018-09-02|2018|4240|186295|7100|0|207500|0|-27600|6395
1195116889|2018-11-26|2018|2000|210955|29530|0|207500|0|-520|3975
1117295935|2018-12-27|2018|459|207699|32709|0|207500|0|-7880|8079
1179025457|2018-07-10|2018|3230|546695|25620|0|520000|0|21835|4860
1205169548|2018-12-03|2018|1780|281340|79120|0|280000|0|-2920|4260
1112339865|2018-04-07|2018|1350|193950|2660|0|200000|0|-8280|2230
1112855786|2018-04-07|2018|4040|196855|14280|0|200000|0|-16545|13400
1114716609|2018-12-11|2018|1900|186235|49660|0|200000|0|-16955|3190
1140877926|2018-10-11|2018|380|143545|14120|0|200000|-600|-57940|1485
1181958332|2018-10-23|2018|520|99175|4240|0|272500|0|-174645|1320
1174599434|2018-10-11|2018|370|435190|10800|0|432500|0|-50|2740
1181845196|2018-09-15|2018|1200|187735|22240|0|185000|0|0|2735
1116745010|2018-07-05|2018|6020|165560|12460|0|185000|0|-31720|12280
1175458648|2018-10-21|2018|4200|245190|38020|0|265000|0|-24275|4465
1129081609|2019-02-26|2018|2200|192395|23120|0|265000|0|-79505|6900
1172916262|2018-08-22|2018|80|143830|35750|0|265000|0|-91190|-29980
1125740150|2018-04-15|2018|2600|212565|20020|0|257500|0|-52165|7230
1186801408|2018-08-09|2018|2450|421275|86050|0|417500|0|0|3775
1120501874|2018-07-09|2018|2640|151310|17610|0|177500|0|-21505|-4685
1113627147|2018-06-30|2018|1660|149185|24910|0|177500|0|-33065|4750
1191613282|2018-08-16|2018|-1110|172305|28060|0|177500|0|-9740|4545
1141917007|2019-01-16|2018|1500|194020|64570|0|337500|0|-145760|2280
1169394342|2018-07-28|2018|680|247980|4280|0|250000|0|-4475|2455
1187391580|2018-07-23|2018|-530|156420|29190|0|250000|-200|-101010|7430
1217462367|2019-01-20|2018|2860|172895|41660|0|170000|0|-495|3390
1113075147|2018-10-02|2018|-1060|100610|5220|0|170000|0|-71840|2450
1185563260|2018-04-13|2018|2940|138660|2940|0|170000|0|-35370|4030
1110888504|2018-07-03|2018|4200|166625|10950|0|162500|0|-110|4235
1111308172|2018-12-25|2018|1440|164995|11600|0|162500|0|-770|3265
1224383815|2019-02-21|2018|4240|85350|34560|0|162500|0|-76970|-180
1181562535|2018-06-21|2018|-240|157505|13160|0|162500|0|-9500|4505
1169727775|2018-11-26|2018|3770|162970|23040|0|162500|0|-5560|6030
1176303654|2018-04-11|2018|4540|139070|7690|0|162500|0|-28830|5400
1132040497|2019-02-01|2018|1150|229465|36970|0|235000|0|-7395|1860
1179234078|2018-12-15|2018|-440|136445|12880|0|155000|0|-20280|1725
1175455130|2018-07-11|2018|3080|158795|13460|0|155000|0|-350|4145
1111596923|2018-04-20|2018|960|156725|4480|0|155000|0|-4320|6045
1128717812|2018-07-19|2018|730|155090|1390|0|155000|0|-1970|2060
1175518363|2018-06-13|2018|2060|130815|15260|0|155000|0|-28695|4510
1215066802|2019-01-23|2018|280|122627|15822|0|155000|0|-33535|1162
1175136870|2018-08-31|2018|1920|151025|25760|0|147500|0|-3000|6525
1116366565|2018-11-19|2018|210|145060|9540|0|147500|0|-3920|1480
1127309809|2018-12-02|2018|-2000|103830|12240|0|147500|0|-42870|-800
1116938715|2018-11-07|2018|2400|162980|22620|0|147500|0|10850|4630
1113333254|2018-09-06|2018|260|305795|28850|0|307500|0|-2235|530
1175712256|2018-10-31|2018|2920|387565|47920|0|380000|0|-555|8120
1163042538|2018-10-07|2018|-5340|123115|19280|0|300000|0|-173715|-3170
1174360161|2018-05-16|2018|-1920|193735|10470|0|220000|0|-25565|-700
1113247450|2018-11-13|2018|220|175080|28760|0|212500|0|-39645|2225
1119180823|2018-10-31|2018|2040|315345|36820|0|212500|0|87680|15165
1120379086|2018-04-19|2018|60|214105|-11280|0|292500|0|-66345|-12050
1208706896|2018-11-28|2018|1680|204725|70470|0|205000|0|-2355|2080
1174576168|2018-04-20|2018|2590|211840|6620|0|205000|0|-1570|8410
1126394127|2018-04-13|2018|1960|190620|2960|0|285000|0|-94390|10
1204548049|2018-10-28|2018|110|165380|39310|0|197500|0|-37310|5190
1195027561|2018-09-06|2018|9220|204525|17440|0|197500|0|-2265|9290
1148150772|2018-09-22|2018|1060|221745|40500|0|357500|0|-135800|45
1174116965|2018-07-02|2018|120|260590|18190|0|517500|0|-262230|5320
1125492384|2018-06-12|2018|2080|263895|15760|0|277500|0|-16280|2675
1185191937|2018-10-13|2018|830|242750|41940|0|277500|0|-38000|3250
1113486184|2018-05-05|2018|-1460|243900|10480|0|270000|0|-35545|9445
1114026773|2018-07-26|2018|1580|399465|73730|0|430000|0|-34400|3865
1116605526|2019-02-15|2018|9060|439765|111830|0|430000|0|-1785|11550
1116942792|2018-08-25|2018|-30|301390|9470|0|590000|0|-299920|11310
1169776045|2018-10-07|2018|1860|191060|8320|0|190000|0|-1245|2305
1178226485|2018-09-03|2018|2580|190880|23750|0|182500|0|270|8110
1174712064|2018-06-24|2018|120|180850|19910|0|182500|0|-3950|2300
1125273672|2018-12-29|2018|11040|194075|65780|0|182500|0|-35|11610
1111838292|2019-01-04|2018|-2000|265795|10970|0|342500|-2570|-90305|13600
1176563985|2019-02-16|2018|1780|250245|90180|0|255000|0|-8140|3385
1201220097|2018-12-11|2018|3460|368260|129070|0|415000|0|-50575|3835
1130300451|2018-08-07|2018|-1020|164070|18320|0|175000|0|-11325|395
1175623131|2018-12-13|2018|160|161195|8420|0|175000|0|-14600|795
1177469608|2018-11-17|2018|2220|165490|64520|0|175000|0|-15830|6320
1111666132|2018-08-24|2018|1800|157900|11910|0|175000|0|-20770|3670
1126492265|2018-10-21|2018|-890|164495|8350|0|175000|0|-13025|2520
1111194460|2019-02-21|2018|20|97390|30050|0|175000|0|-80755|3145
1127601538|2018-04-11|2018|1140|155635|2640|0|167500|0|-13385|1520
1174456202|2018-10-10|2018|960|118635|8360|0|167500|0|-50835|1970
1138209938|2019-01-09|2018|340|160925|28160|0|167500|0|-7170|595
1217855955|2018-11-15|2018|3060|150945|60920|0|167500|0|-23195|6640
1228516076|2018-07-09|2018|9380|43390|15380|12500|95000|0|-53060|1450
1185495785|2018-07-09|2018|1450|85550|8060|5000|80000|0|3780|1770
1171366841|2018-07-09|2018|4760|56620|11920|5000|65000|0|-9260|880
1215552842|2018-07-09|2018|4220|53000|10340|5000|55000|0|-3060|1060
1169794818|2018-07-09|2018|3630|56860|15960|5000|55000|0|190|1670
1126781793|2018-07-09|2018|2420|102365|20680|5000|127500|0|-27420|2285
1199964843|2018-07-09|2018|3080|96795|4820|5000|97500|0|-815|110
1158575097|2018-07-09|2018|2680|73370|16840|5000|97500|0|-24970|840
1178419451|2018-10-08|2018|1540|81375|15920|5000|87500|0|-7460|1335
1177741591|2018-07-09|2018|6900|89585|18200|5000|87500|0|0|2085
1174231317|2019-01-14|2018|580|286705|105640|5000|395000|0|-109760|1465
1162380611|2019-01-14|2018|-6260|275695|49040|5000|342500|0|-68070|1265
1121378992|2018-05-21|2018|3000|168260|11190|5000|175000|0|-9110|2370
1187373128|2018-07-09|2018|8330|58790|15670|10000|60000|0|-1540|330
1198532303|2018-07-09|2018|8990|220170|52070|10000|222500|0|-3790|1460
1173174498|2018-03-12|2018|1180|63065|1180|2500|72500|0|-9815|380
1194435574|2018-07-09|2018|2360|68500|10950|2500|65000|0|2300|1200
1179084249|2018-07-09|2018|1300|66880|15450|2500|65000|0|-530|2410
1122635415|2018-12-10|2018|1140|130845|19700|2500|137500|0|-8185|1530
1115378415|2018-12-17|2018|2000|130890|24750|2500|122500|0|6755|1635
1188874012|2018-06-11|2018|1200|101810|1200|2500|100000|0|-900|2710
1205528710|2018-07-09|2018|4280|86300|15790|2500|85000|0|-580|1880
1120347196|2018-06-11|2018|3620|81670|5380|2500|85000|-700|-8625|5295
1196420232|2018-07-09|2018|1640|85120|3280|2500|85000|0|-1025|1145
1190561035|2018-11-19|2018|780|101595|43370|2500|77500|0|23420|675
1169242750|2018-06-11|2018|4380|66020|10540|2500|70000|0|-10300|6320
1171509621|2018-12-17|2018|960|62100|8930|2500|62500|0|-1050|650
1176880112|2018-07-09|2018|1370|126415|6790|2500|135000|0|-9195|610
1224254000|2018-07-09|2018|-20|51855|5940|2500|55000|0|-3870|725
1133073637|2018-07-09|2018|2600|60890|7040|2500|55000|0|4405|1485
1123814580|2018-11-12|2018|1800|55145|14160|2500|55000|0|-705|850
1120875309|2018-10-08|2018|2340|85965|8600|2500|105000|0|-19580|545
1205002969|2018-10-08|2018|1280|59810|11260|2500|75000|0|-17595|2405
1208506634|2018-12-10|2018|1580|64170|21720|2500|75000|0|-11640|810
1174751336|2018-07-09|2018|2600|65020|6380|2500|67500|0|-4285|1805
1177460883|2018-11-30|2018|2400|57850|7460|2500|60000|0|-2160|10
1182111940|2018-12-10|2018|1540|53995|12810|2500|60000|0|-6350|345
1131253655|2018-10-08|2018|2070|55465|13020|2500|60000|0|-6100|1565
1133909079|2018-07-09|2018|1320|46950|2640|2500|52500|0|-6650|1100
1239361306|2018-07-09|2018|2160|47295|3540|2500|52500|0|-6350|1145
1198729574|2018-10-08|2018|140|50785|10500|2500|52500|0|-2420|705
1159608701|2018-11-05|2018|-1390|88430|5320|2500|52500|0|34170|1760
1191680931|2018-07-09|2018|1200|113650|5300|2500|125000|0|-12710|1360
1173899056|2018-12-18|2018|2090|100590|5460|2500|87500|0|11210|1880
1111798111|2018-10-08|2018|2160|164400|12970|2500|172500|0|-9410|1310
1119251823|2018-08-01|2018|580|136280|2280|2500|142500|0|-6995|775
1110365615|2018-07-09|2018|13120|141920|31940|15000|145000|0|-3730|650
1195823375|2018-07-09|2018|3480|57590|18280|7500|57500|0|-2090|2180
1198365011|2018-04-09|2018|860|116240|5280|7500|120000|0|-5955|2195
1188699811|2018-07-09|2018|3480|90715|6960|7500|90000|0|-375|1090
1117475634|2018-07-09|2018|2000|127440|16520|7500|125000|0|420|2020
1174405244|2018-03-12|2018|1220|141020|2500|7500|152500|0|-12315|835
72da147c6b123b399300c39007451f98
1000
