d52def380bde8d0c3b7943d8ec7ab3b3
10
154301057|1312650|2020-09-08|20201016002108
1185099040|620928146|2020-09-14|20201016002108
1111913134|677306535|2020-09-08|20201016002108
1148601910|1249468186|2020-09-08|20201016002108
1250311586|1312648|2020-09-14|20201016002108
1135720736|608616732|2020-09-08|20201016002108
1219275866|91615732|2020-09-08|20201016002108
1116646437|657150308|2020-09-08|20201016002108
1245598782|1550|2020-09-14|20201016002108
1171931883|771683528|2020-09-08|202010160021085
d52def380bde8d0c3b7943d8ec7ab3b3
10
